,confirmations,time
0,1,1
1,1,1
2,1,3
3,1,3
4,1,4
5,1,4
6,1,4
7,1,5
8,1,5
9,1,5
10,1,7
11,5,7
12,6,8
13,6,8
14,7,9
15,8,10
16,8,10
17,9,11
18,11,12
19,13,13
20,14,13
21,16,14
22,16,14
23,18,15
24,18,15
25,19,15
26,19,16
27,23,17
28,23,18
29,23,18
30,23,19
31,23,19
32,23,19
33,25,20
34,25,20
35,26,20
36,28,22
37,29,23
38,29,23
39,31,23
40,31,24
41,31,26
42,32,26
43,32,27
44,34,27
45,37,28
46,39,29
47,39,30
48,41,32
49,43,33
50,45,33
51,47,35
52,47,35
53,48,37
54,48,37
55,48,38
56,49,38
57,51,40
58,52,41
59,52,41
60,52,41
61,52,41
62,52,41
63,52,41
64,52,41
65,52,41
66,52,41
67,52,41
68,52,41
69,52,42
70,53,42
71,53,42
72,57,42
73,57,43
74,66,44
75,68,46
76,68,46
77,68,46
78,68,47
79,71,48
80,75,49
81,75,50
82,75,50
83,75,51
84,76,51
85,79,53
86,79,54
87,81,54
88,81,55
89,82,56
90,85,57
91,85,59
92,86,60
93,87,60
