,confirmations,time
0,1,1.0
1,1,1.6
2,1,1.9
3,1,2.1
4,1,2.2
5,1,2.2
6,1,2.6
7,1,2.9
8,1,3.3
9,1,4.2
10,1,4.8
11,1,4.8
12,4,5.8
13,4,6.1
14,6,6.3
15,6,6.7
16,7,7.3
17,11,7.3
18,12,8.1
19,12,8.1
20,14,8.4
21,14,8.7
22,16,9.3
23,17,9.6
24,17,10.2
25,19,11.5
26,19,11.7
27,19,12.1
28,22,13.4
29,22,13.9
30,22,13.9
31,25,16.2
32,26,16.8
33,27,17.5
34,27,17.7
35,28,19.1
36,28,19.5
37,28,20.0
38,28,20.1
39,29,20.3
40,34,21.7
41,34,21.8
42,34,22.2
43,34,22.5
44,34,23.2
45,35,24.1
46,37,24.8
47,39,25.1
48,41,25.9
49,42,26.4
50,42,27.5
51,43,27.9
52,45,29.1
53,45,29.3
54,46,29.8
55,48,30.4
56,48,30.7
57,50,31.1
58,50,31.4
59,53,32.4
60,53,33.5
61,53,34.2
62,55,35.4
63,55,35.4
64,57,36.4
65,59,37.1
66,62,38.3
67,62,39.7
68,62,40.4
69,63,41.1
70,65,42.3
71,66,44.3
72,67,44.5
73,67,44.8
74,67,45.4
75,70,46.0
76,71,46.8
77,71,47.3
78,71,47.7
79,71,48.2
80,74,49.3
81,74,49.8
82,74,50.1
83,74,50.5
84,74,50.6
85,77,52.0
86,78,52.0
87,78,52.8
88,79,54.0
89,80,54.3
90,81,55.6
91,82,56.2
92,82,57.1
93,85,58.0
94,86,58.6
95,88,59.3
96,91,60.4
