,confirmations,time
0,1,1
1,1,2
2,1,2
3,1,3
4,1,3
5,1,3
6,2,5
7,2,5
8,2,6
9,4,7
10,4,7
11,4,7
12,4,7
13,4,7
14,4,7
15,4,7
16,4,7
17,4,7
18,4,7
19,4,7
20,7,8
21,12,8
22,12,8
23,13,9
24,17,10
25,17,10
26,17,11
27,18,11
28,23,12
29,23,13
30,24,14
31,24,15
32,24,15
33,27,16
34,28,17
35,28,17
36,30,18
37,30,18
38,30,19
39,32,19
40,32,20
41,33,20
42,33,20
43,36,22
44,36,22
45,36,22
46,36,23
47,37,23
48,39,24
49,41,25
50,42,26
51,44,27
52,44,28
53,44,29
54,46,30
55,48,30
56,48,30
57,50,31
58,52,33
59,52,34
60,53,34
61,53,34
62,53,34
63,53,35
64,58,36
65,58,36
66,58,37
67,59,37
68,60,39
69,60,39
70,63,40
71,63,40
72,63,41
73,64,42
74,66,43
75,67,43
76,67,43
77,67,43
78,67,44
79,68,44
80,69,44
81,70,45
82,72,46
83,73,47
84,74,47
85,76,48
86,78,49
87,78,49
88,78,49
89,78,49
90,78,52
91,83,53
92,85,53
93,85,53
94,86,54
95,86,54
96,87,55
97,88,55
98,90,56
99,90,56
100,90,57
101,91,57
102,91,57
103,92,58
104,92,58
105,96,60
106,96,60
