,confirmations,time
0,1,1
1,1,1
2,1,2
3,1,2
4,1,2
5,1,3
6,1,3
7,1,3
8,1,4
9,1,4
10,1,5
11,2,5
12,4,5
13,5,6
14,6,6
15,7,6
16,7,6
17,7,6
18,8,7
19,9,8
20,10,9
21,11,10
22,11,11
23,11,11
24,11,11
25,11,11
26,12,11
27,12,12
28,16,12
29,19,12
30,19,12
31,19,12
32,20,13
33,21,13
34,23,13
35,23,13
36,23,14
37,24,15
38,24,15
39,24,15
40,24,15
41,24,16
42,28,16
43,30,17
44,31,17
45,31,17
46,32,18
47,34,18
48,34,19
49,36,19
50,36,19
51,36,20
52,39,20
53,39,20
54,41,21
55,42,21
56,42,22
57,42,22
58,43,22
59,44,23
60,46,23
61,47,23
62,49,24
63,49,24
64,52,25
65,53,25
66,53,25
67,55,25
68,56,26
69,57,26
70,58,26
71,59,27
72,59,27
73,60,27
74,60,27
75,60,28
76,61,28
77,61,29
78,64,29
79,65,29
80,65,29
81,66,30
82,66,30
83,69,30
84,71,31
85,73,31
86,73,32
87,73,32
88,73,32
89,73,32
90,73,33
91,77,33
92,77,33
93,79,33
94,81,34
95,81,35
96,81,35
97,82,35
98,82,36
99,83,36
100,83,36
101,87,37
102,87,37
103,88,37
104,91,37
105,91,38
106,92,38
107,92,39
108,92,39
109,93,39
110,93,39
111,95,40
112,96,41
113,96,41
114,98,41
115,98,42
116,102,43
117,102,43
118,105,43
119,105,44
120,107,44
121,111,45
122,111,45
123,115,45
124,115,46
125,117,46
126,117,46
127,117,46
128,120,47
129,120,47
130,120,48
131,122,49
132,122,49
133,122,49
134,124,50
135,124,50
136,124,50
137,125,51
138,127,51
139,127,51
140,129,52
141,130,52
142,131,52
143,132,53
144,132,53
145,135,53
146,136,54
147,136,54
148,136,54
149,137,55
150,137,55
151,137,55
152,137,56
153,139,56
154,139,56
155,140,57
156,142,57
157,143,58
158,144,58
159,144,58
160,145,59
161,145,59
162,146,59
163,152,60
164,152,60
