,confirmations,time
0,1,1
1,1,2
2,1,2
3,1,2
4,1,2
5,1,3
6,1,3
7,1,3
8,1,4
9,1,4
10,1,5
11,1,5
12,1,5
13,1,5
14,2,6
15,2,6
16,3,8
17,6,8
18,7,8
19,7,8
20,13,9
21,13,11
22,13,11
23,14,11
24,14,11
25,14,12
26,14,12
27,14,12
28,19,13
29,19,13
30,20,13
31,20,13
32,20,14
33,24,15
34,24,15
35,24,15
36,24,16
37,24,16
38,24,16
39,26,17
40,30,17
41,30,17
42,32,18
43,33,18
44,34,19
45,35,20
46,35,20
47,36,20
48,36,21
49,36,21
50,37,22
51,39,22
52,40,22
53,42,22
54,43,23
55,44,23
56,44,24
57,44,24
58,46,24
59,46,25
60,46,25
61,46,25
62,48,25
63,48,26
64,50,26
65,51,26
66,53,27
67,55,27
68,56,27
69,56,27
70,56,28
71,57,28
72,59,29
73,61,29
74,61,30
75,62,30
76,62,31
77,62,31
78,62,32
79,64,33
80,65,33
81,66,33
82,66,34
83,68,34
84,71,35
85,73,35
86,73,36
87,73,36
88,73,36
89,73,37
90,74,37
91,74,38
92,77,38
93,79,38
94,81,38
95,81,39
96,82,39
97,82,40
98,82,40
99,83,41
100,87,41
101,87,41
102,88,42
103,88,42
104,88,42
105,89,43
106,91,43
107,95,44
108,95,44
109,95,44
110,95,45
111,96,45
112,96,45
113,96,45
114,96,46
115,96,46
116,98,46
117,99,46
118,100,47
119,103,47
120,104,48
121,106,48
122,106,48
123,107,48
124,107,48
125,108,48
126,108,49
127,109,49
128,112,50
129,112,50
130,113,51
131,115,51
132,115,52
133,116,52
134,118,53
135,120,53
136,120,53
137,120,54
138,120,54
139,122,55
140,122,55
141,125,55
142,129,56
143,129,56
144,130,58
145,131,58
146,133,58
147,135,59
148,135,59
149,135,59
150,137,59
151,137,59
152,137,59
153,138,60
154,143,60
