,confirmations,time
0,1,1
1,1,1
2,1,1
3,1,2
4,1,3
5,1,3
6,1,3
7,1,3
8,1,3
9,1,3
10,1,4
11,1,5
12,1,5
13,1,5
14,5,5
15,5,6
16,5,6
17,8,7
18,9,8
19,9,8
20,9,9
21,9,9
22,9,9
23,10,10
24,10,10
25,14,10
26,14,10
27,14,11
28,17,11
29,18,13
30,20,13
31,20,14
32,21,14
33,24,15
34,26,15
35,26,16
36,26,17
37,26,17
38,28,17
39,28,18
40,32,19
41,32,19
42,32,20
43,32,21
44,33,21
45,34,21
46,35,22
47,36,23
48,38,23
49,38,23
50,38,24
51,39,24
52,43,25
53,44,25
54,45,26
55,46,27
56,51,27
57,51,28
58,52,28
59,52,28
60,52,29
61,53,29
62,56,30
63,57,30
64,57,31
65,57,31
66,59,32
67,59,33
68,59,33
69,60,33
70,61,34
71,62,34
72,64,35
73,66,35
74,67,36
75,67,36
76,68,36
77,68,37
78,69,37
79,71,38
80,71,39
81,72,40
82,72,40
83,72,40
84,72,41
85,75,42
86,75,42
87,78,43
88,79,43
89,80,44
90,81,44
91,81,44
92,81,45
93,82,45
94,84,45
95,85,45
96,87,45
97,87,46
98,87,46
99,90,47
100,90,47
101,90,48
102,92,48
103,92,48
104,92,49
105,92,49
106,92,49
107,96,50
108,96,50
109,98,51
110,98,51
111,98,52
112,100,52
113,100,52
114,101,53
115,102,53
116,104,53
117,105,53
118,107,54
119,109,55
120,111,55
121,112,55
122,112,56
123,114,56
124,114,56
125,114,57
126,117,58
127,117,58
128,119,58
129,119,59
130,119,59
131,121,59
132,121,59
133,122,60
134,123,60
135,125,60
