,confirmations,time
0,1,1
1,1,1
2,1,1
3,1,1
4,1,2
5,1,2
6,1,2
7,1,2
8,1,2
9,1,2
10,1,2
11,1,2
12,1,2
13,1,2
14,1,2
15,1,2
16,1,3
17,1,3
18,6,3
19,6,3
20,7,4
21,8,4
22,8,4
23,10,5
24,12,6
25,12,6
26,12,7
27,12,8
28,12,8
29,12,8
30,14,9
31,14,10
32,15,10
33,17,11
34,19,11
35,20,12
36,21,12
37,21,12
38,25,13
39,25,13
40,26,13
41,26,14
42,26,14
43,26,14
44,28,15
45,28,15
46,29,15
47,29,16
48,31,16
49,33,17
50,33,17
51,35,18
52,36,19
53,38,19
54,38,19
55,38,20
56,40,20
57,41,21
58,43,21
59,48,21
60,50,22
61,51,22
62,51,22
63,51,22
64,51,23
65,51,23
66,51,23
67,53,23
68,56,24
69,56,24
70,56,25
71,57,25
72,57,26
73,57,26
74,59,26
75,59,26
76,59,27
77,59,27
78,60,27
79,62,27
80,62,28
81,64,29
82,65,29
83,67,29
84,67,30
85,69,30
86,71,31
87,74,31
88,75,31
89,75,31
90,78,32
91,80,33
92,81,33
93,81,34
94,84,34
95,85,35
96,85,36
97,86,36
98,87,37
99,87,37
100,88,37
101,91,37
102,91,38
103,92,38
104,92,38
105,94,38
106,98,39
107,98,40
108,98,41
109,98,41
110,98,43
111,98,43
112,98,44
113,100,44
114,104,44
115,104,44
116,105,45
117,107,46
118,107,46
119,109,47
120,110,47
121,111,48
122,113,49
123,113,49
124,113,49
125,113,50
126,115,50
127,115,50
128,115,50
129,116,51
130,117,51
131,119,51
132,120,52
133,121,52
134,122,52
135,122,53
136,123,53
137,123,53
138,123,53
139,124,54
140,125,54
141,126,54
142,126,55
143,128,55
144,128,56
145,128,56
146,129,57
147,131,57
148,133,58
149,133,58
150,133,58
151,133,59
152,135,60
153,135,60
154,137,60
