,confirmations,time
0,1,1
1,1,1
2,1,1
3,1,1
4,1,2
5,1,2
6,1,2
7,1,2
8,1,2
9,1,2
10,1,2
11,1,2
12,1,2
13,1,2
14,1,2
15,1,2
16,4,3
17,6,4
18,7,4
19,7,4
20,7,5
21,7,5
22,7,5
23,7,5
24,7,7
25,7,7
26,9,7
27,9,8
28,14,9
29,15,9
30,15,10
31,15,10
32,16,11
33,16,11
34,18,11
35,18,12
36,20,12
37,20,13
38,20,13
39,22,14
40,24,15
41,25,15
42,26,15
43,27,16
44,29,16
45,30,16
46,31,17
47,34,17
48,34,18
49,34,18
50,36,18
51,38,19
52,39,20
53,39,20
54,39,20
55,40,21
56,41,21
57,42,22
58,43,22
59,46,22
60,48,23
61,48,23
62,48,24
63,53,24
64,54,25
65,54,25
66,54,25
67,55,26
68,57,26
69,58,27
70,59,27
71,60,27
72,60,27
73,61,28
74,61,28
75,61,28
76,63,29
77,63,29
78,65,29
79,65,30
80,66,30
81,68,31
82,68,31
83,70,31
84,70,32
85,71,32
86,73,33
87,73,34
88,73,34
89,75,34
90,77,35
91,77,35
92,77,36
93,81,36
94,82,37
95,83,37
96,83,37
97,83,38
98,85,38
99,86,38
100,86,38
101,87,39
102,87,39
103,87,39
104,90,40
105,91,40
106,92,41
107,92,42
108,93,42
109,94,42
110,94,43
111,97,45
112,98,45
113,98,45
114,99,45
115,99,46
116,99,46
117,101,46
118,101,46
119,101,46
120,101,46
121,104,47
122,106,48
123,107,48
124,108,48
125,109,49
126,111,50
127,112,50
128,114,50
129,114,50
130,114,51
131,115,51
132,115,51
133,116,51
134,120,52
135,120,52
136,121,52
137,123,52
138,124,52
139,124,53
140,127,53
141,127,53
142,127,53
143,127,54
144,128,54
145,130,54
146,130,55
147,130,55
148,130,55
149,130,55
150,130,56
151,133,56
152,133,57
153,134,57
154,134,57
155,136,57
156,137,58
157,137,58
158,139,59
159,139,59
160,142,60
161,145,61
