,confirmations,time
0,1,1
1,1,1
2,1,2
3,1,2
4,1,3
5,1,4
6,1,5
7,2,8
8,2,8
9,2,8
10,2,9
11,3,9
12,3,9
13,4,10
14,4,10
15,10,11
16,10,12
17,10,13
18,10,13
19,10,13
20,11,14
21,12,16
22,14,16
23,16,17
24,17,18
25,19,19
26,22,20
27,22,20
28,22,20
29,22,20
30,22,20
31,22,20
32,22,20
33,22,20
34,22,20
35,22,20
36,22,20
37,22,20
38,22,20
39,22,20
40,22,20
41,22,20
42,22,20
43,22,20
44,22,20
45,22,20
46,22,20
47,22,20
48,35,21
49,35,22
50,35,22
51,43,23
52,43,24
53,44,24
54,44,26
55,44,26
56,46,27
57,46,27
58,46,27
59,49,28
60,51,29
61,53,30
62,53,30
63,53,32
64,55,32
65,57,33
66,58,33
67,59,35
68,63,36
69,63,36
70,63,37
71,67,38
72,67,38
73,67,39
74,67,39
75,71,41
76,71,41
77,72,43
78,73,45
79,73,45
80,74,47
81,75,48
82,75,49
83,77,51
84,79,52
85,79,52
86,79,53
87,81,53
88,83,55
89,83,55
90,84,56
91,84,56
92,84,57
93,84,57
94,89,58
95,89,59
96,89,59
97,89,60
