,confirmations,time
0,1,1
1,1,1
2,1,2
3,1,2
4,1,2
5,1,2
6,1,2
7,1,2
8,1,3
9,1,3
10,1,3
11,1,3
12,1,4
13,1,4
14,1,4
15,2,5
16,2,5
17,3,5
18,6,6
19,7,6
20,14,7
21,14,7
22,14,7
23,15,8
24,15,8
25,16,9
26,17,10
27,17,10
28,18,10
29,21,11
30,21,12
31,22,12
32,23,12
33,24,13
34,24,13
35,24,13
36,25,14
37,27,15
38,28,15
39,29,16
40,32,17
41,32,17
42,32,18
43,32,18
44,37,19
45,37,20
46,38,20
47,39,21
48,39,21
49,40,21
50,42,22
51,44,23
52,44,24
53,46,25
54,48,26
55,48,26
56,49,28
57,51,29
58,52,30
59,53,30
60,53,30
61,53,31
62,56,31
63,57,32
64,58,32
65,58,33
66,59,34
67,59,34
68,63,35
69,63,35
70,63,36
71,64,37
72,64,37
73,64,38
74,66,38
75,67,39
76,68,40
77,68,40
78,68,41
79,69,42
80,70,43
81,72,45
82,72,46
83,74,46
84,75,46
85,77,47
86,81,47
87,81,48
88,83,49
89,83,49
90,83,50
91,84,50
92,85,51
93,85,51
94,87,51
95,87,51
96,88,53
97,90,54
98,92,56
99,92,56
100,95,57
101,95,58
102,98,59
103,98,62
