,confirmations,time
0,1,1
1,1,1
2,1,1
3,1,1
4,1,1
5,1,1
6,1,2
7,1,2
8,1,2
9,1,2
10,1,2
11,1,2
12,1,3
13,1,3
14,1,3
15,7,4
16,8,4
17,8,5
18,11,5
19,11,6
20,11,6
21,12,6
22,12,6
23,13,7
24,14,7
25,16,8
26,19,9
27,19,9
28,19,9
29,19,9
30,20,10
31,23,10
32,23,11
33,24,11
34,27,12
35,28,13
36,28,13
37,28,13
38,28,13
39,29,14
40,33,15
41,33,16
42,34,17
43,34,17
44,34,18
45,36,18
46,36,18
47,38,19
48,39,19
49,40,19
50,41,20
51,42,20
52,42,20
53,44,20
54,45,21
55,46,21
56,46,21
57,47,21
58,47,22
59,49,22
60,49,22
61,50,22
62,50,23
63,50,23
64,50,23
65,51,24
66,52,24
67,52,25
68,53,26
69,53,27
70,57,27
71,58,28
72,59,28
73,59,28
74,61,29
75,63,29
76,64,29
77,66,30
78,69,30
79,70,30
80,71,31
81,71,31
82,71,31
83,72,32
84,72,32
85,72,32
86,72,33
87,73,33
88,73,33
89,73,33
90,74,33
91,74,33
92,75,34
93,75,34
94,77,34
95,78,35
96,78,35
97,79,35
98,79,36
99,79,36
100,81,36
101,82,37
102,83,37
103,85,38
104,86,38
105,88,38
106,89,39
107,89,39
108,92,40
109,93,40
110,95,40
111,95,40
112,95,41
113,96,42
114,97,42
115,98,42
116,99,43
117,100,43
118,105,43
119,105,44
120,105,44
121,107,45
122,109,45
123,110,46
124,111,46
125,112,46
126,113,47
127,113,47
128,113,47
129,114,48
130,115,48
131,118,49
132,118,49
133,120,49
134,121,50
135,123,50
136,124,50
137,124,51
138,124,51
139,124,51
140,128,52
141,130,52
142,130,52
143,131,52
144,131,53
145,131,53
146,131,53
147,132,54
148,133,55
149,133,55
150,133,55
151,135,56
152,138,56
153,140,57
154,140,57
155,141,57
156,142,58
157,145,58
158,145,58
159,146,59
160,149,59
161,149,60
162,152,61
