,confirmations,time
0,1,1
1,1,2
2,1,2
3,1,2
4,1,3
5,1,3
6,1,3
7,1,3
8,1,3
9,1,4
10,1,4
11,1,4
12,1,4
13,1,4
14,1,4
15,1,4
16,1,4
17,5,5
18,7,5
19,7,6
20,7,6
21,8,6
22,10,7
23,10,7
24,10,8
25,12,8
26,12,8
27,12,8
28,12,8
29,15,9
30,16,9
31,16,9
32,16,10
33,19,10
34,19,11
35,20,11
36,20,12
37,20,12
38,20,12
39,20,13
40,22,13
41,22,13
42,22,13
43,23,14
44,28,14
45,31,14
46,33,15
47,36,16
48,36,16
49,37,16
50,37,17
51,37,17
52,38,18
53,39,18
54,42,20
55,42,20
56,43,20
57,44,21
58,46,22
59,48,22
60,49,23
61,49,23
62,49,23
63,49,24
64,50,24
65,52,24
66,52,24
67,54,25
68,57,25
69,59,26
70,59,26
71,59,26
72,60,27
73,60,27
74,64,28
75,64,28
76,64,29
77,65,29
78,65,29
79,68,29
80,68,30
81,70,31
82,72,31
83,72,31
84,73,32
85,73,32
86,73,33
87,74,33
88,74,34
89,77,35
90,79,35
91,79,35
92,79,36
93,79,36
94,79,36
95,80,36
96,81,36
97,85,37
98,85,38
99,88,38
100,88,38
101,90,39
102,90,40
103,91,41
104,91,41
105,91,41
106,93,42
107,93,42
108,95,42
109,98,43
110,99,44
111,99,44
112,100,44
113,101,45
114,101,45
115,101,46
116,104,47
117,107,47
118,107,47
119,108,48
120,109,48
121,109,48
122,110,48
123,111,48
124,111,49
125,112,49
126,112,49
127,113,49
128,115,50
129,116,50
130,118,50
131,118,50
132,118,51
133,118,51
134,118,51
135,118,53
136,120,54
137,120,54
138,120,54
139,120,55
140,121,55
141,121,56
142,121,56
143,122,56
144,122,57
145,124,57
146,126,58
147,132,59
148,135,60
