,confirmations,time
0,1,1
1,1,2
2,1,2
3,1,3
4,1,4
5,1,5
6,1,7
7,1,7
8,1,8
9,1,8
10,1,8
11,4,9
12,6,10
13,7,11
14,7,12
15,8,12
16,10,13
17,10,14
18,11,14
19,12,15
20,12,15
21,12,16
22,13,17
23,16,18
24,17,20
25,19,21
26,19,22
27,21,23
28,21,24
29,23,25
30,24,25
31,24,26
32,25,26
33,29,27
34,30,28
35,30,29
36,30,29
37,30,29
38,30,30
39,30,30
40,33,32
41,33,33
42,33,33
43,36,34
44,38,34
45,38,35
46,41,36
47,42,38
48,42,38
49,42,38
50,42,38
51,43,39
52,45,39
53,47,40
54,47,40
55,47,40
56,47,40
57,47,40
58,47,40
59,47,40
60,47,40
61,47,40
62,47,40
63,47,40
64,48,41
65,48,42
66,55,42
67,55,44
68,59,44
69,65,45
70,65,46
71,67,47
72,67,47
73,67,48
74,68,49
75,69,50
76,69,50
77,69,51
78,70,52
79,70,52
80,73,53
81,74,53
82,77,54
83,77,55
84,78,57
85,79,58
86,80,59
87,81,60
