,confirmations,time
0,1,1
1,1,1
2,1,1
3,1,1
4,1,1
5,1,2
6,1,2
7,1,2
8,1,3
9,1,3
10,1,3
11,1,3
12,1,3
13,1,3
14,1,3
15,1,3
16,1,3
17,1,3
18,1,3
19,1,3
20,2,3
21,2,3
22,5,5
23,9,5
24,9,5
25,14,6
26,15,6
27,15,7
28,17,7
29,17,7
30,19,8
31,19,9
32,19,9
33,20,9
34,22,10
35,23,11
36,26,11
37,27,13
38,29,13
39,29,13
40,30,14
41,34,14
42,35,15
43,35,16
44,35,17
45,36,17
46,39,19
47,40,20
48,40,20
49,43,21
50,43,21
51,43,22
52,45,22
53,45,22
54,46,22
55,47,23
56,49,23
57,49,24
58,49,24
59,49,24
60,51,25
61,51,26
62,53,27
63,54,27
64,55,28
65,56,28
66,56,29
67,58,29
68,59,30
69,61,30
70,63,32
71,65,33
72,65,34
73,65,34
74,65,35
75,66,35
76,69,36
77,70,37
78,72,37
79,72,38
80,72,38
81,73,39
82,74,40
83,74,40
84,74,41
85,74,41
86,75,41
87,77,42
88,78,42
89,79,43
90,81,44
91,82,45
92,82,46
93,82,47
94,82,47
95,83,47
96,88,49
97,90,50
98,91,51
99,92,51
100,92,51
101,94,52
102,97,52
103,97,53
104,98,55
105,99,55
106,99,56
107,100,56
108,103,57
109,103,59
110,104,59
111,104,60
112,105,60
