,confirmations,time
0,1,1
1,1,2
2,1,2
3,1,2
4,1,3
5,1,4
6,1,4
7,1,4
8,2,6
9,2,6
10,5,7
11,5,8
12,5,8
13,8,9
14,9,11
15,9,11
16,9,12
17,10,13
18,11,13
19,11,13
20,13,14
21,16,16
22,17,17
23,17,18
24,17,19
25,19,20
26,20,21
27,20,22
28,22,22
29,23,23
30,23,23
31,24,23
32,26,24
33,26,25
34,26,25
35,28,26
36,28,27
37,30,27
38,30,28
39,31,29
40,32,29
41,32,30
42,34,30
43,36,31
44,37,32
45,37,32
46,40,33
47,40,34
48,41,35
49,41,36
50,41,37
51,42,37
52,42,38
53,47,38
54,47,39
55,48,39
56,49,40
57,49,41
58,49,41
59,49,41
60,49,41
61,49,41
62,49,41
63,49,41
64,49,41
65,49,41
66,49,41
67,49,41
68,49,42
69,59,42
70,59,43
71,62,44
72,62,44
73,62,45
74,64,45
75,65,46
76,66,46
77,67,47
78,67,47
79,68,48
80,69,48
81,69,49
82,70,49
83,71,50
84,72,51
85,72,52
86,75,53
87,76,54
88,76,54
89,79,55
90,81,56
91,83,56
92,85,57
93,85,58
94,85,58
95,85,58
96,87,59
97,89,62
