,confirmations,time
0,1,1
1,1,2
2,1,2
3,1,3
4,1,3
5,1,4
6,1,4
7,1,4
8,1,5
9,1,5
10,3,6
11,3,6
12,4,6
13,6,7
14,6,7
15,6,7
16,8,8
17,8,8
18,9,8
19,9,9
20,9,9
21,11,10
22,11,11
23,12,11
24,12,11
25,12,12
26,14,14
27,16,14
28,16,14
29,17,15
30,19,15
31,20,15
32,23,16
33,26,16
34,26,17
35,26,17
36,27,17
37,27,17
38,28,19
39,30,19
40,31,20
41,31,20
42,31,21
43,31,21
44,32,21
45,32,21
46,33,21
47,35,22
48,36,22
49,38,23
50,39,23
51,39,24
52,41,24
53,41,24
54,41,25
55,42,25
56,43,25
57,45,25
58,46,26
59,49,26
60,49,27
61,49,27
62,51,27
63,51,27
64,51,28
65,53,28
66,54,29
67,54,29
68,54,30
69,58,30
70,58,30
71,58,31
72,58,31
73,58,31
74,61,31
75,64,32
76,64,32
77,64,33
78,65,33
79,65,34
80,65,34
81,67,34
82,69,35
83,71,35
84,71,36
85,72,37
86,73,37
87,73,37
88,75,37
89,75,38
90,77,38
91,78,38
92,80,39
93,81,40
94,81,40
95,81,40
96,81,40
97,83,41
98,83,41
99,83,41
100,85,42
101,88,42
102,90,43
103,93,43
104,93,43
105,93,44
106,93,44
107,93,45
108,95,45
109,95,45
110,100,47
111,101,47
112,101,47
113,102,48
114,102,49
115,103,49
116,103,50
117,104,50
118,105,50
119,105,50
120,106,51
121,106,52
122,112,53
123,112,53
124,112,53
125,112,53
126,112,53
127,115,54
128,116,54
129,116,55
130,116,55
131,119,55
132,119,56
133,120,56
134,121,57
135,121,57
136,122,57
137,123,57
138,125,58
139,126,59
140,126,59
141,127,59
142,128,61
