,confirmations,time
0,1,1
1,1,2
2,1,2
3,1,2
4,1,3
5,1,3
6,1,3
7,1,3
8,1,4
9,1,4
10,1,4
11,1,5
12,1,5
13,3,6
14,3,6
15,3,7
16,6,7
17,9,9
18,9,9
19,9,9
20,10,10
21,10,10
22,11,11
23,15,12
24,15,13
25,15,13
26,15,13
27,16,14
28,16,15
29,17,15
30,18,16
31,18,16
32,18,16
33,21,18
34,21,19
35,25,21
36,26,21
37,27,22
38,29,22
39,31,23
40,32,24
41,33,25
42,33,25
43,33,26
44,35,27
45,36,27
46,37,28
47,38,28
48,38,28
49,38,29
50,39,29
51,40,30
52,43,31
53,43,32
54,44,33
55,46,33
56,46,34
57,47,34
58,48,34
59,48,34
60,50,35
61,51,36
62,52,37
63,52,38
64,52,38
65,52,39
66,53,39
67,53,40
68,57,42
69,57,43
70,59,44
71,60,45
72,61,45
73,64,47
74,66,48
75,67,48
76,67,48
77,68,49
78,70,50
79,71,51
80,71,51
81,71,53
82,71,53
83,74,54
84,74,55
85,74,55
86,77,56
87,77,57
88,77,58
89,77,58
90,78,59
91,79,59
92,81,60
