,confirmations,time
0,1,1
1,1,1
2,1,2
3,1,3
4,1,3
5,1,3
6,1,3
7,1,3
8,1,4
9,3,4
10,3,4
11,3,4
12,3,5
13,3,5
14,3,5
15,3,6
16,3,7
17,3,8
18,5,8
19,8,9
20,11,10
21,15,11
22,15,12
23,15,12
24,16,12
25,17,13
26,19,14
27,19,14
28,19,14
29,19,14
30,21,16
31,21,16
32,21,17
33,24,17
34,25,18
35,26,18
36,27,19
37,27,20
38,29,21
39,29,21
40,32,23
41,33,23
42,35,24
43,36,25
44,37,25
45,38,26
46,38,26
47,39,26
48,41,27
49,41,27
50,41,28
51,41,28
52,41,28
53,43,29
54,43,29
55,43,29
56,45,30
57,46,30
58,48,32
59,48,33
60,48,33
61,50,34
62,51,35
63,51,35
64,52,36
65,52,37
66,52,37
67,52,38
68,52,38
69,56,39
70,57,40
71,57,40
72,57,41
73,60,42
74,62,42
75,63,43
76,65,43
77,67,44
78,68,44
79,70,45
80,71,45
81,71,46
82,71,46
83,71,46
84,71,46
85,75,47
86,78,48
87,78,48
88,79,48
89,79,49
90,79,49
91,80,50
92,81,51
93,82,51
94,83,53
95,84,54
96,86,55
97,86,55
98,86,56
99,87,57
100,89,58
101,90,58
102,91,59
103,92,59
104,94,60
105,97,60
