,confirmations,time
0,1,1
1,1,2
2,1,2
3,1,2
4,1,3
5,1,4
6,1,4
7,1,4
8,1,5
9,2,5
10,2,5
11,2,5
12,2,5
13,2,5
14,2,5
15,2,5
16,2,5
17,2,5
18,2,5
19,2,5
20,5,6
21,9,7
22,15,8
23,17,9
24,17,9
25,19,10
26,19,11
27,21,13
28,21,13
29,21,14
30,21,15
31,25,15
32,25,16
33,27,17
34,27,17
35,27,18
36,27,19
37,32,19
38,32,20
39,33,20
40,35,21
41,35,21
42,36,22
43,37,22
44,38,23
45,39,25
46,39,25
47,39,26
48,41,27
49,41,28
50,44,28
51,45,28
52,45,29
53,45,29
54,49,30
55,49,30
56,50,31
57,50,32
58,51,33
59,51,33
60,52,35
61,54,36
62,57,37
63,57,38
64,57,38
65,57,39
66,59,39
67,60,39
68,61,40
69,61,40
70,61,40
71,63,42
72,65,42
73,65,43
74,66,44
75,66,44
76,67,45
77,67,46
78,67,46
79,70,47
80,72,48
81,72,48
82,72,49
83,73,49
84,76,50
85,77,51
86,78,51
87,81,52
88,81,53
89,81,53
90,81,54
91,81,54
92,81,54
93,82,54
94,83,54
95,88,55
96,89,56
97,89,57
98,89,58
99,90,58
100,92,60
101,93,61
