,confirmations,time
0,1,1
1,1,1
2,1,2
3,1,2
4,1,2
5,1,2
6,1,3
7,1,3
8,1,3
9,1,4
10,1,5
11,3,5
12,3,5
13,8,6
14,8,7
15,8,7
16,8,7
17,8,7
18,8,8
19,10,8
20,12,8
21,13,9
22,13,9
23,13,9
24,13,10
25,13,10
26,13,10
27,13,10
28,13,11
29,17,11
30,19,12
31,19,12
32,19,13
33,20,14
34,21,15
35,23,15
36,24,16
37,24,16
38,26,17
39,27,17
40,28,17
41,28,17
42,28,18
43,28,18
44,30,19
45,31,19
46,31,19
47,31,19
48,31,19
49,31,19
50,33,20
51,33,20
52,34,20
53,36,21
54,37,21
55,39,21
56,39,22
57,39,22
58,39,22
59,40,23
60,40,23
61,41,23
62,41,23
63,41,23
64,41,23
65,42,24
66,46,24
67,47,25
68,49,25
69,50,25
70,50,26
71,52,26
72,52,26
73,56,27
74,56,27
75,56,28
76,58,28
77,59,28
78,59,29
79,62,29
80,65,30
81,66,30
82,66,30
83,66,30
84,66,31
85,66,32
86,69,32
87,74,33
88,75,33
89,77,34
90,79,34
91,79,35
92,81,35
93,81,35
94,82,36
95,83,36
96,86,37
97,86,37
98,87,38
99,89,38
100,91,38
101,91,39
102,94,40
103,95,41
104,96,42
105,98,42
106,98,42
107,99,43
108,99,43
109,100,43
110,100,44
111,103,45
112,104,45
113,105,46
114,105,46
115,105,46
116,106,46
117,106,47
118,108,47
119,109,47
120,112,49
121,112,49
122,112,49
123,112,50
124,112,50
125,113,51
126,114,51
127,114,52
128,115,52
129,115,52
130,119,54
131,120,54
132,123,54
133,123,55
134,123,56
135,126,56
136,126,56
137,126,57
138,130,58
139,131,58
140,132,58
141,132,59
142,133,59
143,134,59
144,135,59
145,135,60
146,138,61
