,confirmations,time
0,1,1
1,1,1
2,1,2
3,1,2
4,1,2
5,1,2
6,1,2
7,1,2
8,1,2
9,1,2
10,1,3
11,1,3
12,1,3
13,4,4
14,4,4
15,4,4
16,5,5
17,5,5
18,5,5
19,5,6
20,7,6
21,7,6
22,7,7
23,7,7
24,7,7
25,7,8
26,17,8
27,18,9
28,18,9
29,19,10
30,19,10
31,19,10
32,20,10
33,20,11
34,21,11
35,21,11
36,22,12
37,23,12
38,27,12
39,28,13
40,28,13
41,29,14
42,30,15
43,30,15
44,32,15
45,33,17
46,34,17
47,35,17
48,35,17
49,35,18
50,35,18
51,38,18
52,40,19
53,40,19
54,43,19
55,43,20
56,43,20
57,46,20
58,46,20
59,48,21
60,48,21
61,49,21
62,49,21
63,50,22
64,50,22
65,51,22
66,52,22
67,52,23
68,54,24
69,54,25
70,54,25
71,54,25
72,54,26
73,54,26
74,55,27
75,55,27
76,59,28
77,60,28
78,64,29
79,65,29
80,67,29
81,68,30
82,68,30
83,69,30
84,69,30
85,70,31
86,72,31
87,73,31
88,73,31
89,75,32
90,77,33
91,77,33
92,78,33
93,79,34
94,79,34
95,80,34
96,82,35
97,82,35
98,84,35
99,84,35
100,84,35
101,85,36
102,85,36
103,85,36
104,86,36
105,86,37
106,90,38
107,93,38
108,94,38
109,94,38
110,94,39
111,95,39
112,96,39
113,101,40
114,101,41
115,101,41
116,102,42
117,102,42
118,102,43
119,103,44
120,105,44
121,106,44
122,107,45
123,107,45
124,110,45
125,110,45
126,110,46
127,115,46
128,116,47
129,118,47
130,119,47
131,120,48
132,121,49
133,122,49
134,123,49
135,123,50
136,124,50
137,124,50
138,125,50
139,126,51
140,127,51
141,127,51
142,127,52
143,129,52
144,130,52
145,130,53
146,131,53
147,132,53
148,135,54
149,137,54
150,140,55
151,140,56
152,140,56
153,141,56
154,142,57
155,145,58
156,145,58
157,147,58
158,147,59
159,149,60
