,confirmations,time
0,1,1
1,1,1
2,1,1
3,1,2
4,1,2
5,1,2
6,1,2
7,1,3
8,1,3
9,1,3
10,1,3
11,1,3
12,1,3
13,1,3
14,1,3
15,1,3
16,1,4
17,1,4
18,2,4
19,4,5
20,4,5
21,6,5
22,6,5
23,6,5
24,6,6
25,6,7
26,6,7
27,8,7
28,10,8
29,11,9
30,11,9
31,14,10
32,14,10
33,14,10
34,15,11
35,19,11
36,21,12
37,21,12
38,21,12
39,22,13
40,24,13
41,30,14
42,34,14
43,35,15
44,35,15
45,35,16
46,35,17
47,39,17
48,40,18
49,41,18
50,41,18
51,42,19
52,43,19
53,44,20
54,46,20
55,47,21
56,49,21
57,49,21
58,49,22
59,49,22
60,50,22
61,51,22
62,51,22
63,51,23
64,51,23
65,51,23
66,51,23
67,54,24
68,56,24
69,56,25
70,57,26
71,59,26
72,59,26
73,59,26
74,60,28
75,61,28
76,61,28
77,63,29
78,64,29
79,64,29
80,66,30
81,67,30
82,67,30
83,70,30
84,72,31
85,73,31
86,75,32
87,75,32
88,76,32
89,76,32
90,76,32
91,77,33
92,77,33
93,77,33
94,78,33
95,79,34
96,80,34
97,81,35
98,82,35
99,82,35
100,82,36
101,83,36
102,83,36
103,85,36
104,88,37
105,89,38
106,91,38
107,91,38
108,91,38
109,91,38
110,92,39
111,93,40
112,93,40
113,96,40
114,96,41
115,96,41
116,97,41
117,98,42
118,102,42
119,102,42
120,103,43
121,105,43
122,107,43
123,107,43
124,109,44
125,110,45
126,111,45
127,112,45
128,112,46
129,116,46
130,117,47
131,118,47
132,119,47
133,119,48
134,121,49
135,121,49
136,121,49
137,123,50
138,124,50
139,125,50
140,128,51
141,129,51
142,130,51
143,132,52
144,133,53
145,134,53
146,135,53
147,135,54
148,135,54
149,135,54
150,135,54
151,136,55
152,136,55
153,136,55
154,138,57
155,142,57
156,143,58
157,145,59
158,145,59
159,146,60
160,146,60
