,confirmations,time
0,1,1
1,1,2
2,1,2
3,1,3
4,1,3
5,1,3
6,1,3
7,1,4
8,1,4
9,1,4
10,1,4
11,1,4
12,1,4
13,1,4
14,1,4
15,1,4
16,1,4
17,1,4
18,1,4
19,1,4
20,1,4
21,1,5
22,1,6
23,4,7
24,4,8
25,10,8
26,11,9
27,18,9
28,19,10
29,21,10
30,22,11
31,24,11
32,24,12
33,24,12
34,24,12
35,27,13
36,27,13
37,28,14
38,30,15
39,30,15
40,31,16
41,31,16
42,31,16
43,34,17
44,35,18
45,35,19
46,36,19
47,39,20
48,39,20
49,39,21
50,43,22
51,44,22
52,45,23
53,45,23
54,46,24
55,47,25
56,48,26
57,49,27
58,49,27
59,51,28
60,53,29
61,55,30
62,56,31
63,57,32
64,57,32
65,58,33
66,60,33
67,60,34
68,61,35
69,62,35
70,64,36
71,64,37
72,64,38
73,64,38
74,65,39
75,66,40
76,67,40
77,67,41
78,70,41
79,71,42
80,74,42
81,74,42
82,75,44
83,77,44
84,77,45
85,77,45
86,78,46
87,81,47
88,81,48
89,81,48
90,82,49
91,82,49
92,82,50
93,84,50
94,85,51
95,87,51
96,87,51
97,87,51
98,88,52
99,90,52
100,91,53
101,91,54
102,91,54
103,92,55
104,95,56
105,95,56
106,98,57
107,98,58
108,100,59
109,100,59
110,101,61
