,confirmations,time
0,1,1
1,1,1
2,1,1
3,1,2
4,1,2
5,1,2
6,1,2
7,1,3
8,1,4
9,2,4
10,3,4
11,3,5
12,3,5
13,3,5
14,3,5
15,3,6
16,5,6
17,9,6
18,9,7
19,10,7
20,10,7
21,11,8
22,13,8
23,13,8
24,13,8
25,14,9
26,14,9
27,17,10
28,17,10
29,17,11
30,17,11
31,17,11
32,19,11
33,19,11
34,21,11
35,21,12
36,21,12
37,22,12
38,24,13
39,24,13
40,26,13
41,27,14
42,27,14
43,28,14
44,29,15
45,31,15
46,32,16
47,36,16
48,36,16
49,37,17
50,37,17
51,37,17
52,37,18
53,38,18
54,38,19
55,40,19
56,42,20
57,45,20
58,46,20
59,47,21
60,47,21
61,50,22
62,50,22
63,51,22
64,52,22
65,54,23
66,56,24
67,56,24
68,56,24
69,56,24
70,57,25
71,58,25
72,60,25
73,62,26
74,62,26
75,63,26
76,63,27
77,64,27
78,64,28
79,65,28
80,66,28
81,67,29
82,67,29
83,68,29
84,69,29
85,70,30
86,72,30
87,73,31
88,74,31
89,75,31
90,75,32
91,77,32
92,77,33
93,77,33
94,77,33
95,78,34
96,80,35
97,83,35
98,83,35
99,89,36
100,90,36
101,91,36
102,92,37
103,92,37
104,93,37
105,96,38
106,97,38
107,97,39
108,98,39
109,98,39
110,98,39
111,99,39
112,99,40
113,100,40
114,101,40
115,103,40
116,103,41
117,104,42
118,105,42
119,107,43
120,107,43
121,108,44
122,108,44
123,108,45
124,108,45
125,112,46
126,113,46
127,114,47
128,115,47
129,116,47
130,117,48
131,117,48
132,117,49
133,118,49
134,118,50
135,118,50
136,120,51
137,121,51
138,124,51
139,127,51
140,127,52
141,128,53
142,128,54
143,128,54
144,130,54
145,134,55
146,135,56
147,137,56
148,137,56
149,138,57
150,138,57
151,138,57
152,138,57
153,139,58
154,140,58
155,142,59
156,142,59
157,142,60
158,143,60
