,confirmations,time
0,1,1
1,1,3
2,1,4
3,1,4
4,1,4
5,1,4
6,1,4
7,1,4
8,1,5
9,2,6
10,2,6
11,2,6
12,2,6
13,2,6
14,2,6
15,2,6
16,2,6
17,2,6
18,2,6
19,2,6
20,2,6
21,4,6
22,8,7
23,8,7
24,12,7
25,14,10
26,14,11
27,14,12
28,15,12
29,16,12
30,21,13
31,22,14
32,22,15
33,23,16
34,26,17
35,27,19
36,27,19
37,27,19
38,28,20
39,31,21
40,31,22
41,31,22
42,32,23
43,33,24
44,33,24
45,33,25
46,34,25
47,39,26
48,40,28
49,42,28
50,42,28
51,42,28
52,42,29
53,42,29
54,42,29
55,44,30
56,45,32
57,47,32
58,50,34
59,50,35
60,52,35
61,54,37
62,54,38
63,55,38
64,56,39
65,58,40
66,58,42
67,59,42
68,61,43
69,61,43
70,61,44
71,64,45
72,65,45
73,66,46
74,67,47
75,67,47
76,67,47
77,71,49
78,71,49
79,71,50
80,71,51
81,73,52
82,73,52
83,73,52
84,77,53
85,78,54
86,78,54
87,80,55
88,80,56
89,80,56
90,81,56
91,82,57
92,83,57
93,85,59
94,85,60
95,86,60
