,confirmations,time
0,1,1
1,1,1
2,1,1
3,1,2
4,1,2
5,1,2
6,1,2
7,1,3
8,1,3
9,1,3
10,1,3
11,1,4
12,2,4
13,2,4
14,2,5
15,2,5
16,2,5
17,4,6
18,4,6
19,5,7
20,6,7
21,12,8
22,12,8
23,14,8
24,14,9
25,15,9
26,15,9
27,17,10
28,18,11
29,21,11
30,22,11
31,22,11
32,22,12
33,24,13
34,28,13
35,28,13
36,28,14
37,28,14
38,28,14
39,28,14
40,28,14
41,28,15
42,29,15
43,31,15
44,32,15
45,32,16
46,32,17
47,33,17
48,33,17
49,33,17
50,34,18
51,34,18
52,34,19
53,38,20
54,40,20
55,40,20
56,40,20
57,40,20
58,40,21
59,40,21
60,43,22
61,44,23
62,44,23
63,47,23
64,47,23
65,48,24
66,54,25
67,54,25
68,54,25
69,54,25
70,54,25
71,56,26
72,56,26
73,59,26
74,59,27
75,60,28
76,60,28
77,61,28
78,63,29
79,63,29
80,66,29
81,68,29
82,70,31
83,71,31
84,72,31
85,73,32
86,75,32
87,76,33
88,76,33
89,77,33
90,78,33
91,78,33
92,82,34
93,83,35
94,83,35
95,85,36
96,85,36
97,86,36
98,86,37
99,86,37
100,88,37
101,88,38
102,90,38
103,91,39
104,92,40
105,92,40
106,93,40
107,95,41
108,96,41
109,96,41
110,99,42
111,101,42
112,102,42
113,102,43
114,102,43
115,103,43
116,104,44
117,104,44
118,105,44
119,109,45
120,109,46
121,109,46
122,110,46
123,110,46
124,110,47
125,110,47
126,110,47
127,111,48
128,114,48
129,115,49
130,117,49
131,117,49
132,119,50
133,120,50
134,120,51
135,121,51
136,122,51
137,122,52
138,123,52
139,123,53
140,124,53
141,124,53
142,124,53
143,125,53
144,126,54
145,128,54
146,128,54
147,130,55
148,133,55
149,133,55
150,135,56
151,135,56
152,136,56
153,136,57
154,137,57
155,137,58
156,139,58
157,140,60
158,142,60
