,confirmations,time
0,1,1
1,1,1
2,1,1
3,1,2
4,1,2
5,1,3
6,1,3
7,1,3
8,1,3
9,1,4
10,1,4
11,1,4
12,1,4
13,1,4
14,1,4
15,1,4
16,1,4
17,1,4
18,1,4
19,1,4
20,1,4
21,1,5
22,6,5
23,6,5
24,6,6
25,14,6
26,15,6
27,17,7
28,18,7
29,19,8
30,20,8
31,20,8
32,20,8
33,20,10
34,22,10
35,24,10
36,24,11
37,25,11
38,25,12
39,28,13
40,32,14
41,32,14
42,35,15
43,37,15
44,37,16
45,37,16
46,41,17
47,42,17
48,42,19
49,42,20
50,42,20
51,42,21
52,43,21
53,43,21
54,44,22
55,45,22
56,48,22
57,50,24
58,50,24
59,50,24
60,52,25
61,52,25
62,54,26
63,54,26
64,54,27
65,54,27
66,55,27
67,57,28
68,58,28
69,59,28
70,61,29
71,63,29
72,65,30
73,65,30
74,65,31
75,65,31
76,67,31
77,67,32
78,68,32
79,70,32
80,71,33
81,72,33
82,72,34
83,73,34
84,73,35
85,74,35
86,77,37
87,78,38
88,79,39
89,80,39
90,80,40
91,81,41
92,82,41
93,83,41
94,85,41
95,85,43
96,87,43
97,89,44
98,90,44
99,90,45
100,90,46
101,91,46
102,93,48
103,93,48
104,95,50
105,99,51
106,100,52
107,100,54
108,101,54
109,101,55
110,102,55
111,104,55
112,107,56
113,107,57
114,108,57
115,109,58
116,110,59
117,111,59
118,111,59
119,113,60
