,confirmations,time
0,1,1
1,1,1
2,1,1
3,1,1
4,1,1
5,1,1
6,1,1
7,1,2
8,1,2
9,1,3
10,1,3
11,1,3
12,2,4
13,4,4
14,4,4
15,4,4
16,6,5
17,6,5
18,6,5
19,6,6
20,6,7
21,7,7
22,12,10
23,13,10
24,14,10
25,19,11
26,19,12
27,20,14
28,20,14
29,21,15
30,23,15
31,23,15
32,23,16
33,28,17
34,28,18
35,28,18
36,29,19
37,29,19
38,30,20
39,30,20
40,33,21
41,34,22
42,35,24
43,35,24
44,35,25
45,35,25
46,38,26
47,41,26
48,42,27
49,42,28
50,43,29
51,45,29
52,46,30
53,48,31
54,48,31
55,48,32
56,50,33
57,51,33
58,53,34
59,53,34
60,53,35
61,56,36
62,57,38
63,58,40
64,58,42
65,60,42
66,61,43
67,62,44
68,63,44
69,64,45
70,64,45
71,64,46
72,65,47
73,68,48
74,68,49
75,68,49
76,70,50
77,70,51
78,71,52
79,73,53
80,74,54
81,74,55
82,75,55
83,75,56
84,80,57
85,80,57
86,80,58
87,81,59
88,81,60
89,81,60
