,confirmations,time
0,1,1
1,1,2
2,1,2
3,1,2
4,1,3
5,1,4
6,1,6
7,2,6
8,2,7
9,4,7
10,4,7
11,5,8
12,6,9
13,6,9
14,8,10
15,8,10
16,10,11
17,11,11
18,13,12
19,14,12
20,14,12
21,14,12
22,15,13
23,15,13
24,15,13
25,17,14
26,18,14
27,19,15
28,19,15
29,19,15
30,19,17
31,19,18
32,20,18
33,20,19
34,23,19
35,23,19
36,31,21
37,32,21
38,32,21
39,32,21
40,32,21
41,32,21
42,32,21
43,32,21
44,32,21
45,32,21
46,32,21
47,32,21
48,32,21
49,32,21
50,32,21
51,32,21
52,32,21
53,32,21
54,32,21
55,32,21
56,32,21
57,32,21
58,38,22
59,50,22
60,53,23
61,54,23
62,54,23
63,57,24
64,57,24
65,57,25
66,62,26
67,62,26
68,63,28
69,63,28
70,64,30
71,64,30
72,64,31
73,66,31
74,66,32
75,70,33
76,72,34
77,72,34
78,72,35
79,73,36
80,76,38
81,76,38
82,77,39
83,77,40
84,78,41
85,79,41
86,79,41
87,81,43
88,83,44
89,84,45
90,84,45
91,84,46
92,84,46
93,86,46
94,86,47
95,88,47
96,90,48
97,90,49
98,91,50
99,91,50
100,92,51
101,93,53
102,93,53
103,98,54
104,98,55
105,98,55
106,99,55
107,99,56
108,102,57
109,103,58
110,103,60
111,104,60
112,104,60
