,confirmations,time
0,1,1
1,1,2
2,1,3
3,1,3
4,1,4
5,1,4
6,1,4
7,1,5
8,1,6
9,1,6
10,1,7
11,3,7
12,5,7
13,5,8
14,6,8
15,8,9
16,10,11
17,10,12
18,10,12
19,11,12
20,13,13
21,13,13
22,13,15
23,17,15
24,17,16
25,18,17
26,20,17
27,21,18
28,22,19
29,22,20
30,22,20
31,22,20
32,22,20
33,22,20
34,22,20
35,22,20
36,22,20
37,22,20
38,22,20
39,22,20
40,24,21
41,24,21
42,30,23
43,37,24
44,37,24
45,37,26
46,39,26
47,39,26
48,40,27
49,42,27
50,43,27
51,43,28
52,44,28
53,47,29
54,48,30
55,48,31
56,48,31
57,50,32
58,51,33
59,52,33
60,53,34
61,54,36
62,55,36
63,56,37
64,56,38
65,58,39
66,60,40
67,61,40
68,61,40
69,63,41
70,63,41
71,65,42
72,65,43
73,65,43
74,67,45
75,67,45
76,67,46
77,67,46
78,69,48
79,73,49
80,75,50
81,75,50
82,77,51
83,79,53
84,79,55
85,80,55
86,82,56
87,83,57
88,84,58
89,84,59
90,84,60
91,85,60
92,87,61
