,confirmations,time
0,1,1
1,1,1
2,1,2
3,1,2
4,1,3
5,1,4
6,1,4
7,1,4
8,1,5
9,1,5
10,1,5
11,1,6
12,1,6
13,4,6
14,5,6
15,9,8
16,9,8
17,11,10
18,11,10
19,12,11
20,12,11
21,14,11
22,14,12
23,16,12
24,16,13
25,17,14
26,19,15
27,19,15
28,21,17
29,21,17
30,21,18
31,22,18
32,23,19
33,27,20
34,28,20
35,30,21
36,30,22
37,31,23
38,32,23
39,33,24
40,33,25
41,33,25
42,33,25
43,37,26
44,37,27
45,40,28
46,40,29
47,40,29
48,41,30
49,43,30
50,45,31
51,45,32
52,46,32
53,47,33
54,47,33
55,47,34
56,48,34
57,50,35
58,51,35
59,52,37
60,53,37
61,53,38
62,55,39
63,55,40
64,55,40
65,59,41
66,59,41
67,60,42
68,62,43
69,62,43
70,62,44
71,63,44
72,64,45
73,64,45
74,65,46
75,66,47
76,67,47
77,68,48
78,69,50
79,69,50
80,70,51
81,73,53
82,74,53
83,75,54
84,75,54
85,75,55
86,76,55
87,80,55
88,80,56
89,80,56
90,82,58
91,82,58
92,83,59
93,84,59
94,86,61
