,confirmations,time
0,1,1.0
1,1,1.2
2,1,1.6
3,1,1.7
4,1,1.7
5,1,1.8
6,1,2.2
7,1,2.3
8,1,2.3
9,1,2.7
10,1,2.7
11,1,3.0
12,1,3.2
13,1,3.5
14,2,3.5
15,3,4.1
16,5,5.2
17,5,5.3
18,5,5.4
19,6,5.5
20,7,6.4
21,9,6.6
22,11,6.7
23,13,7.3
24,13,7.9
25,17,8.9
26,17,10.1
27,17,10.7
28,17,11.3
29,17,11.4
30,19,11.9
31,21,12.5
32,22,13.0
33,22,13.7
34,22,13.9
35,24,14.4
36,26,15.4
37,28,16.2
38,30,16.8
39,30,17.6
40,31,18.1
41,31,18.2
42,31,18.3
43,31,18.6
44,34,19.4
45,34,19.6
46,34,19.8
47,34,20.0
48,36,20.7
49,37,21.6
50,38,22.5
51,39,23.3
52,40,23.6
53,40,24.3
54,40,24.7
55,43,25.8
56,44,26.4
57,44,26.6
58,46,27.3
59,49,28.3
60,49,28.4
61,51,28.5
62,51,28.7
63,51,29.0
64,52,29.5
65,55,30.3
66,55,31.4
67,55,32.6
68,55,33.3
69,55,33.8
70,56,34.3
71,57,34.7
72,59,35.5
73,60,36.1
74,61,37.2
75,64,37.7
76,64,38.6
77,65,39.5
78,66,39.6
79,66,39.7
80,69,40.9
81,69,41.3
82,69,42.2
83,71,42.7
84,72,43.2
85,72,43.4
86,73,43.7
87,73,43.9
88,73,44.0
89,74,44.2
90,76,44.5
91,80,46.4
92,80,48.0
93,80,49.1
94,82,49.6
95,82,50.2
96,86,51.2
97,88,51.6
98,89,51.9
99,89,52.1
100,91,53.0
101,93,53.9
102,94,54.4
103,94,54.9
104,94,55.9
105,94,56.2
106,95,57.7
107,96,57.9
108,96,58.3
109,96,58.5
110,98,59.3
111,99,59.6
112,99,60.2
