,confirmations,time
0,1,1
1,1,1
2,1,1
3,1,2
4,1,2
5,1,2
6,1,3
7,1,3
8,1,3
9,1,3
10,1,3
11,1,3
12,1,3
13,1,3
14,1,3
15,1,3
16,1,3
17,1,3
18,1,3
19,1,3
20,3,4
21,3,4
22,3,5
23,3,5
24,10,6
25,14,6
26,14,6
27,17,7
28,18,7
29,19,8
30,22,9
31,24,10
32,24,10
33,25,11
34,27,11
35,27,12
36,27,12
37,27,12
38,29,13
39,32,13
40,32,14
41,33,14
42,34,15
43,35,16
44,37,17
45,38,17
46,39,19
47,39,19
48,39,19
49,39,20
50,39,20
51,43,21
52,46,21
53,47,22
54,47,22
55,48,23
56,50,23
57,52,25
58,52,26
59,52,27
60,53,28
61,54,28
62,57,31
63,58,31
64,58,31
65,59,32
66,61,32
67,62,33
68,62,34
69,62,35
70,62,35
71,65,37
72,65,37
73,65,38
74,65,38
75,67,39
76,69,40
77,70,40
78,70,40
79,70,41
80,72,42
81,72,43
82,73,43
83,73,43
84,74,45
85,76,46
86,78,46
87,78,47
88,80,48
89,81,48
90,83,49
91,85,50
92,87,51
93,87,51
94,88,53
95,88,53
96,88,53
97,90,54
98,92,54
99,94,55
100,94,56
101,95,56
102,95,57
103,95,57
104,99,59
105,99,59
106,99,60
107,101,61
