,confirmations,time
0,1,1
1,1,1
2,1,1
3,1,1
4,1,1
5,1,2
6,2,4
7,2,4
8,2,4
9,2,4
10,2,4
11,2,4
12,2,4
13,2,4
14,2,4
15,2,4
16,2,4
17,2,4
18,2,4
19,2,4
20,2,4
21,2,4
22,2,4
23,2,4
24,2,4
25,2,4
26,2,4
27,2,4
28,2,4
29,2,4
30,14,5
31,14,6
32,14,6
33,14,7
34,17,7
35,20,8
36,25,9
37,25,9
38,26,9
39,26,9
40,29,10
41,31,11
42,31,12
43,31,13
44,32,13
45,33,13
46,33,14
47,37,15
48,39,17
49,39,17
50,39,17
51,39,18
52,41,19
53,42,20
54,42,20
55,43,20
56,46,21
57,47,22
58,47,22
59,51,23
60,51,24
61,51,24
62,54,25
63,54,25
64,54,25
65,56,26
66,56,27
67,58,29
68,58,29
69,58,29
70,58,29
71,58,29
72,62,30
73,64,31
74,64,31
75,64,31
76,64,32
77,66,33
78,66,34
79,66,34
80,69,35
81,69,36
82,69,36
83,72,37
84,74,37
85,76,38
86,78,40
87,78,40
88,78,40
89,81,41
90,81,42
91,83,43
92,83,44
93,83,44
94,84,45
95,84,46
96,86,47
97,87,47
98,88,47
99,91,48
100,91,49
101,93,50
102,93,50
103,94,51
104,94,51
105,95,52
106,99,53
107,99,53
108,99,55
109,99,55
110,102,56
111,102,57
112,103,58
113,104,58
114,104,58
115,106,60
