,confirmations,time
0,1,1
1,1,2
2,1,2
3,1,4
4,1,4
5,1,5
6,1,5
7,1,6
8,1,6
9,3,7
10,5,9
11,7,10
12,7,11
13,8,11
14,8,12
15,10,13
16,11,14
17,11,14
18,12,15
19,13,16
20,15,16
21,15,17
22,15,17
23,17,18
24,18,19
25,19,19
26,20,20
27,20,20
28,20,20
29,20,20
30,20,20
31,20,20
32,20,20
33,20,20
34,20,20
35,20,20
36,20,20
37,20,20
38,20,20
39,20,20
40,20,20
41,20,20
42,20,20
43,20,20
44,20,20
45,20,20
46,20,20
47,20,20
48,20,21
49,20,21
50,20,21
51,23,22
52,29,22
53,29,23
54,32,23
55,38,24
56,40,25
57,42,26
58,48,26
59,48,26
60,50,27
61,50,27
62,53,29
63,54,30
64,54,30
65,55,31
66,58,33
67,59,34
68,59,34
69,60,35
70,61,35
71,63,35
72,67,37
73,67,37
74,68,38
75,69,39
76,69,39
77,72,41
78,72,42
79,72,42
80,76,43
81,76,43
82,77,44
83,78,45
84,78,46
85,80,47
86,80,47
87,82,48
88,83,48
89,83,49
90,84,49
91,85,50
92,86,50
93,86,51
94,87,51
95,87,52
96,87,53
97,89,53
98,90,53
99,90,54
100,90,54
101,94,56
102,95,57
103,95,57
104,95,57
105,97,58
106,100,58
107,100,59
108,100,59
109,102,60
110,104,61
