,confirmations,time
0,1,1
1,1,1
2,1,1
3,1,1
4,1,1
5,1,1
6,1,2
7,1,2
8,1,2
9,1,2
10,1,2
11,1,3
12,4,4
13,5,4
14,5,5
15,5,5
16,5,6
17,5,6
18,5,6
19,7,7
20,9,7
21,9,8
22,12,9
23,12,9
24,12,9
25,15,11
26,16,11
27,18,13
28,19,14
29,19,14
30,20,15
31,20,16
32,23,18
33,23,18
34,25,19
35,27,20
36,29,21
37,29,22
38,29,22
39,30,23
40,31,23
41,31,24
42,32,24
43,32,25
44,33,27
45,34,27
46,35,28
47,36,29
48,37,29
49,39,30
50,39,30
51,40,31
52,42,31
53,43,31
54,44,32
55,45,32
56,45,33
57,45,33
58,47,35
59,48,35
60,48,36
61,48,37
62,49,37
63,49,37
64,51,39
65,52,39
66,53,39
67,54,40
68,56,41
69,56,41
70,56,42
71,57,42
72,57,43
73,60,43
74,60,44
75,63,44
76,63,44
77,64,44
78,64,45
79,65,46
80,66,46
81,67,47
82,68,47
83,68,48
84,69,50
85,70,50
86,71,51
87,72,51
88,72,52
89,73,53
90,76,54
91,79,55
92,79,55
93,80,56
94,84,57
95,84,58
96,84,59
97,85,59
98,86,59
99,89,60
