,confirmations,time
0,1,1
1,1,1
2,1,2
3,1,2
4,1,3
5,1,4
6,2,5
7,2,5
8,3,8
9,3,8
10,3,8
11,3,8
12,3,9
13,8,10
14,8,11
15,8,11
16,8,12
17,8,13
18,9,13
19,11,14
20,11,14
21,12,15
22,14,16
23,15,17
24,17,18
25,17,18
26,20,20
27,20,20
28,23,21
29,25,22
30,25,23
31,26,24
32,26,24
33,26,25
34,26,25
35,26,25
36,28,26
37,30,26
38,31,26
39,33,27
40,33,28
41,33,28
42,35,29
43,35,30
44,37,31
45,38,32
46,39,33
47,40,34
48,42,35
49,45,37
50,45,38
51,46,39
52,46,39
53,47,39
54,47,40
55,49,40
56,51,41
57,51,41
58,51,41
59,51,41
60,51,41
61,51,41
62,51,41
63,51,41
64,51,41
65,51,41
66,51,41
67,53,42
68,53,43
69,53,43
70,53,44
71,53,44
72,53,44
73,57,44
74,65,44
75,67,45
76,67,46
77,70,47
78,70,47
79,71,48
80,73,48
81,73,48
82,73,48
83,77,49
84,78,50
85,78,50
86,79,51
87,79,51
88,79,52
89,83,53
90,83,53
91,83,53
92,85,54
93,85,55
94,85,56
95,86,57
96,89,60
97,89,61
