,confirmations,time
0,1,1
1,1,1
2,1,2
3,1,2
4,1,2
5,1,3
6,1,3
7,1,3
8,2,4
9,2,4
10,2,4
11,2,4
12,2,4
13,2,4
14,2,4
15,2,4
16,2,4
17,2,4
18,2,4
19,2,4
20,2,4
21,2,4
22,2,4
23,2,4
24,2,4
25,2,4
26,2,4
27,2,4
28,2,4
29,2,4
30,2,5
31,2,6
32,13,7
33,15,8
34,19,9
35,19,9
36,19,10
37,22,12
38,22,12
39,22,12
40,22,13
41,25,13
42,25,13
43,29,15
44,30,15
45,33,16
46,37,16
47,38,16
48,38,17
49,40,18
50,41,18
51,43,18
52,44,19
53,47,20
54,48,21
55,48,21
56,48,22
57,48,22
58,49,22
59,51,23
60,53,23
61,53,23
62,54,24
63,54,25
64,54,25
65,55,26
66,55,27
67,59,28
68,59,28
69,59,29
70,60,30
71,62,30
72,64,31
73,65,31
74,65,31
75,66,32
76,69,33
77,70,33
78,71,36
79,73,37
80,73,38
81,75,38
82,75,39
83,78,41
84,79,42
85,80,43
86,80,43
87,81,44
88,82,45
89,83,46
90,84,46
91,85,47
92,85,47
93,85,47
94,86,47
95,87,48
96,89,48
97,91,49
98,93,50
99,93,51
100,93,51
101,95,52
102,98,53
103,99,55
104,99,56
105,100,56
106,100,57
107,100,57
108,102,58
109,104,60
110,104,61
