,confirmations,time
0,1,1
1,1,1
2,1,1
3,1,2
4,1,2
5,1,2
6,1,2
7,1,2
8,1,3
9,1,3
10,1,3
11,1,3
12,1,3
13,1,4
14,1,4
15,1,4
16,1,5
17,1,5
18,1,8
19,2,9
20,3,9
21,13,10
22,13,11
23,14,11
24,15,12
25,17,13
26,17,14
27,18,14
28,19,15
29,19,15
30,20,16
31,21,16
32,22,16
33,25,18
34,27,19
35,27,19
36,28,20
37,29,20
38,30,21
39,31,21
40,31,22
41,32,22
42,35,23
43,35,24
44,36,25
45,37,26
46,39,26
47,39,27
48,39,27
49,41,27
50,42,28
51,43,29
52,43,30
53,44,31
54,47,32
55,48,33
56,49,34
57,49,34
58,51,35
59,52,36
60,54,37
61,56,37
62,56,38
63,57,39
64,57,39
65,58,40
66,59,40
67,59,40
68,59,40
69,60,41
70,61,42
71,61,42
72,61,42
73,61,43
74,64,44
75,65,45
76,67,46
77,68,46
78,69,47
79,70,48
80,71,48
81,73,48
82,73,49
83,76,50
84,77,51
85,79,51
86,79,52
87,81,52
88,82,53
89,83,54
90,83,54
91,85,55
92,85,55
93,86,55
94,89,57
95,89,57
96,91,59
97,91,60
98,91,61
