,confirmations,time
0,1,1
1,1,1
2,1,1
3,1,1
4,1,2
5,1,2
6,1,2
7,1,2
8,1,2
9,1,3
10,1,3
11,2,3
12,2,3
13,2,3
14,5,4
15,6,4
16,6,4
17,6,5
18,6,5
19,8,5
20,8,5
21,8,5
22,9,5
23,9,6
24,9,6
25,11,6
26,11,7
27,12,7
28,13,8
29,15,8
30,16,9
31,17,9
32,19,9
33,19,10
34,19,11
35,20,11
36,21,11
37,21,11
38,22,12
39,24,13
40,26,14
41,30,14
42,30,15
43,32,15
44,36,16
45,36,16
46,36,16
47,38,17
48,39,17
49,39,18
50,40,18
51,40,18
52,40,18
53,41,19
54,42,19
55,44,19
56,44,20
57,45,20
58,47,21
59,50,22
60,50,22
61,51,22
62,51,22
63,54,23
64,54,23
65,56,24
66,57,24
67,58,24
68,58,24
69,59,25
70,60,25
71,60,25
72,61,26
73,61,26
74,61,26
75,61,26
76,62,26
77,64,27
78,66,27
79,67,28
80,67,28
81,69,29
82,69,30
83,69,31
84,69,31
85,69,31
86,69,31
87,71,32
88,71,33
89,74,34
90,74,34
91,75,34
92,78,35
93,79,35
94,79,35
95,80,36
96,82,36
97,83,36
98,85,37
99,87,37
100,88,37
101,88,38
102,89,38
103,89,38
104,90,39
105,90,39
106,91,39
107,92,40
108,92,40
109,93,40
110,95,41
111,95,41
112,96,42
113,96,42
114,98,42
115,99,43
116,100,44
117,101,44
118,103,45
119,107,45
120,107,46
121,111,46
122,113,46
123,113,47
124,115,48
125,116,48
126,116,49
127,116,49
128,117,49
129,118,49
130,118,50
131,120,50
132,121,50
133,121,50
134,122,51
135,124,51
136,125,51
137,125,52
138,126,52
139,127,53
140,127,53
141,127,53
142,127,53
143,127,53
144,127,54
145,128,54
146,129,54
147,129,54
148,130,54
149,131,55
150,131,55
151,131,55
152,134,56
153,134,56
154,135,57
155,136,57
156,137,57
157,139,58
158,139,58
159,139,58
160,140,58
161,140,60
162,141,60
163,144,60
