,confirmations,time
0,1,1
1,1,1
2,1,1
3,1,1
4,1,1
5,1,1
6,1,2
7,1,2
8,1,2
9,1,2
10,1,2
11,1,3
12,1,3
13,1,3
14,1,3
15,2,4
16,4,4
17,4,5
18,4,5
19,6,6
20,6,6
21,6,6
22,12,7
23,13,7
24,13,8
25,13,8
26,14,8
27,15,9
28,17,10
29,18,10
30,19,11
31,19,12
32,20,12
33,20,13
34,21,13
35,22,14
36,22,14
37,24,15
38,25,15
39,28,15
40,29,16
41,31,17
42,32,17
43,32,17
44,32,18
45,33,18
46,35,19
47,35,20
48,37,20
49,37,20
50,39,21
51,42,21
52,42,21
53,42,22
54,42,22
55,42,22
56,44,22
57,47,23
58,47,23
59,47,24
60,49,24
61,49,24
62,50,25
63,51,25
64,52,25
65,53,26
66,53,26
67,54,26
68,55,27
69,55,27
70,56,27
71,58,28
72,58,28
73,59,29
74,59,29
75,59,30
76,61,30
77,62,31
78,63,31
79,63,32
80,64,32
81,66,32
82,66,33
83,70,33
84,72,33
85,73,34
86,73,34
87,73,34
88,73,34
89,73,35
90,73,35
91,73,35
92,75,36
93,77,37
94,78,37
95,81,38
96,84,38
97,84,39
98,84,39
99,85,40
100,87,40
101,89,41
102,89,41
103,92,42
104,92,42
105,92,42
106,93,42
107,97,44
108,98,44
109,98,45
110,98,45
111,98,45
112,98,45
113,98,46
114,99,46
115,103,47
116,104,47
117,104,47
118,105,47
119,106,48
120,106,48
121,106,48
122,106,48
123,108,48
124,108,48
125,110,50
126,110,51
127,111,52
128,111,52
129,111,52
130,112,52
131,113,52
132,113,53
133,113,53
134,115,53
135,116,53
136,118,54
137,118,55
138,119,55
139,119,56
140,120,56
141,122,56
142,122,57
143,122,58
144,122,58
145,123,58
146,126,58
147,126,58
148,126,58
149,127,59
150,132,60
151,133,61
