,confirmations,time
0,1,1
1,1,1
2,1,1
3,1,2
4,1,3
5,1,3
6,1,3
7,1,3
8,1,4
9,1,4
10,1,4
11,1,4
12,1,4
13,1,4
14,1,4
15,1,4
16,1,4
17,1,4
18,1,4
19,1,4
20,2,5
21,4,6
22,7,6
23,8,7
24,8,9
25,9,9
26,10,10
27,11,10
28,13,10
29,17,11
30,20,11
31,22,13
32,22,14
33,22,15
34,24,15
35,25,15
36,25,16
37,28,16
38,29,17
39,30,18
40,31,18
41,31,19
42,33,19
43,33,19
44,35,21
45,36,21
46,39,24
47,39,25
48,39,25
49,40,26
50,44,27
51,44,27
52,45,28
53,45,28
54,49,29
55,49,30
56,49,31
57,49,33
58,49,33
59,51,33
60,52,34
61,54,36
62,55,36
63,55,37
64,57,38
65,57,39
66,58,39
67,59,40
68,59,40
69,60,40
70,60,41
71,63,41
72,66,42
73,67,43
74,68,45
75,68,46
76,71,47
77,71,47
78,71,48
79,72,48
80,73,48
81,74,49
82,75,50
83,76,51
84,76,51
85,77,53
86,79,55
87,80,56
88,80,56
89,83,57
90,84,58
91,84,58
92,85,59
93,85,59
94,85,59
95,88,61
