,confirmations,time
0,1,1
1,1,2
2,1,2
3,1,2
4,1,3
5,1,3
6,1,3
7,1,4
8,1,4
9,1,4
10,1,4
11,1,4
12,1,4
13,1,4
14,1,4
15,1,4
16,1,4
17,1,4
18,1,4
19,1,4
20,1,4
21,1,4
22,1,4
23,1,4
24,1,4
25,1,4
26,1,4
27,1,4
28,1,4
29,1,4
30,1,5
31,1,5
32,20,5
33,20,7
34,20,7
35,22,7
36,22,7
37,22,8
38,24,8
39,26,9
40,29,9
41,29,10
42,29,10
43,30,11
44,31,12
45,32,13
46,32,13
47,35,14
48,36,14
49,41,15
50,42,15
51,43,15
52,43,17
53,44,18
54,44,18
55,46,18
56,48,19
57,48,19
58,48,19
59,49,19
60,50,20
61,51,21
62,53,21
63,56,22
64,56,22
65,56,23
66,57,24
67,58,24
68,58,25
69,60,26
70,60,26
71,60,27
72,62,27
73,63,27
74,64,28
75,65,28
76,66,28
77,68,29
78,71,30
79,71,30
80,71,31
81,71,31
82,71,32
83,73,32
84,76,34
85,77,35
86,78,36
87,79,36
88,79,37
89,80,37
90,81,38
91,82,38
92,83,38
93,85,39
94,86,40
95,86,41
96,87,41
97,89,43
98,91,43
99,92,43
100,95,44
101,95,45
102,96,45
103,96,46
104,98,47
105,98,47
106,98,47
107,100,48
108,103,48
109,103,49
110,104,50
111,104,50
112,104,50
113,105,50
114,106,51
115,110,52
116,110,53
117,110,53
118,110,54
119,111,55
120,111,57
121,113,58
122,114,58
123,116,60
