,confirmations,time
0,1,1
1,1,1
2,1,1
3,1,2
4,1,2
5,1,2
6,1,3
7,1,3
8,1,3
9,1,4
10,1,4
11,1,4
12,1,4
13,1,4
14,1,4
15,1,4
16,1,4
17,1,4
18,1,4
19,1,4
20,1,4
21,3,4
22,3,5
23,3,6
24,11,6
25,13,7
26,15,8
27,15,9
28,20,9
29,21,10
30,21,11
31,23,12
32,24,12
33,25,13
34,25,13
35,25,14
36,26,14
37,27,14
38,27,15
39,29,16
40,29,17
41,31,17
42,32,17
43,33,18
44,33,18
45,34,18
46,34,19
47,36,20
48,36,20
49,37,20
50,38,20
51,38,21
52,41,23
53,41,23
54,42,24
55,44,24
56,45,25
57,45,26
58,46,26
59,47,27
60,47,27
61,51,28
62,54,28
63,56,29
64,56,30
65,56,30
66,57,31
67,57,32
68,59,33
69,60,33
70,62,34
71,63,34
72,63,34
73,63,35
74,64,35
75,66,36
76,67,38
77,67,38
78,68,38
79,68,40
80,70,40
81,73,41
82,74,42
83,74,42
84,74,42
85,74,43
86,75,43
87,77,44
88,78,44
89,81,45
90,82,45
91,82,47
92,83,47
93,83,48
94,83,48
95,85,50
96,85,50
97,86,51
98,87,51
99,87,52
100,90,53
101,92,54
102,95,54
103,95,55
104,97,56
105,98,56
106,100,57
107,100,58
108,101,59
109,102,59
110,102,60
111,105,60
