,confirmations,time
0,1,1
1,1,1
2,1,2
3,1,4
4,1,4
5,1,5
6,1,5
7,1,5
8,1,6
9,1,6
10,4,7
11,7,8
12,7,9
13,8,10
14,8,10
15,8,11
16,9,11
17,9,11
18,9,11
19,10,12
20,10,13
21,12,14
22,14,15
23,14,17
24,14,17
25,15,18
26,15,19
27,16,20
28,21,20
29,23,22
30,23,22
31,23,22
32,23,22
33,23,22
34,23,22
35,23,22
36,23,22
37,23,22
38,23,22
39,23,22
40,23,22
41,23,22
42,23,22
43,23,22
44,23,22
45,23,22
46,23,22
47,23,22
48,23,22
49,23,22
50,23,22
51,23,22
52,23,22
53,23,23
54,41,24
55,43,24
56,45,25
57,46,26
58,47,27
59,49,27
60,51,29
61,56,30
62,56,31
63,56,31
64,57,31
65,57,32
66,59,32
67,61,34
68,61,35
69,61,35
70,63,35
71,63,36
72,65,37
73,66,37
74,66,37
75,66,38
76,67,38
77,70,39
78,72,41
79,72,43
80,72,43
81,72,44
82,74,45
83,74,46
84,76,49
85,77,49
86,79,49
87,82,50
88,84,52
89,84,53
90,84,53
91,87,55
92,87,55
93,88,56
94,88,56
95,88,57
96,89,58
97,92,59
98,92,60
