,confirmations,time
0,1,1
1,1,1
2,1,1
3,1,2
4,1,3
5,1,3
6,1,3
7,1,3
8,1,4
9,1,4
10,1,4
11,1,4
12,1,4
13,1,4
14,1,4
15,1,4
16,1,4
17,1,4
18,1,4
19,1,4
20,1,4
21,2,4
22,6,7
23,11,7
24,12,8
25,13,9
26,13,9
27,15,9
28,19,10
29,19,11
30,19,11
31,21,12
32,21,12
33,25,14
34,25,15
35,25,16
36,26,16
37,27,17
38,31,18
39,34,18
40,35,19
41,36,20
42,36,21
43,38,22
44,38,22
45,38,23
46,40,25
47,43,26
48,43,26
49,45,27
50,45,28
51,47,29
52,47,29
53,47,30
54,48,31
55,50,32
56,50,32
57,51,32
58,52,33
59,53,34
60,53,34
61,54,34
62,55,36
63,58,37
64,58,37
65,58,38
66,58,38
67,58,39
68,61,40
69,61,41
70,62,44
71,62,45
72,65,46
73,66,46
74,67,47
75,67,48
76,68,48
77,68,48
78,70,49
79,71,49
80,72,50
81,72,51
82,73,51
83,73,51
84,75,52
85,77,52
86,78,54
87,78,55
88,81,55
89,82,58
90,82,59
91,83,60
92,85,60
