,confirmations,time
0,1,1
1,1,1
2,1,2
3,1,3
4,1,5
5,1,5
6,1,6
7,1,7
8,1,7
9,2,8
10,3,9
11,4,9
12,4,10
13,6,10
14,7,11
15,8,11
16,8,12
17,10,12
18,12,13
19,12,13
20,12,14
21,12,15
22,15,16
23,17,16
24,17,17
25,19,18
26,20,19
27,22,20
28,23,20
29,23,20
30,23,20
31,23,20
32,23,20
33,23,20
34,23,20
35,23,20
36,23,20
37,23,20
38,23,20
39,23,20
40,23,20
41,23,20
42,23,20
43,23,20
44,23,20
45,23,20
46,23,20
47,23,20
48,23,20
49,24,21
50,33,23
51,45,24
52,45,24
53,46,24
54,47,25
55,48,25
56,49,26
57,49,26
58,50,27
59,50,27
60,51,28
61,53,29
62,53,30
63,54,31
64,54,31
65,54,31
66,55,31
67,59,32
68,62,32
69,62,33
70,62,34
71,62,34
72,62,34
73,63,35
74,63,36
75,64,37
76,68,38
77,68,40
78,68,40
79,72,42
80,73,42
81,74,42
82,76,43
83,78,44
84,78,44
85,79,45
86,79,47
87,79,47
88,79,47
89,80,48
90,81,48
91,81,48
92,82,48
93,82,49
94,85,50
95,86,50
96,88,51
97,89,51
98,89,51
99,89,51
100,89,52
101,89,52
102,91,53
103,94,53
104,95,53
105,95,55
106,95,55
107,95,55
108,100,57
109,102,58
110,103,59
111,104,60
112,107,61
