,confirmations,time
0,1,1
1,1,1
2,1,1
3,1,1
4,1,2
5,1,2
6,1,2
7,1,2
8,1,3
9,1,3
10,1,4
11,1,5
12,4,5
13,4,5
14,4,5
15,4,6
16,8,7
17,9,7
18,9,7
19,9,8
20,9,9
21,12,10
22,12,11
23,12,11
24,14,12
25,14,12
26,18,13
27,20,13
28,21,13
29,23,14
30,23,14
31,23,14
32,24,14
33,26,15
34,27,16
35,27,17
36,28,18
37,28,19
38,30,19
39,32,20
40,33,21
41,35,21
42,37,22
43,37,22
44,37,22
45,37,23
46,39,24
47,40,24
48,40,25
49,42,25
50,42,26
51,43,26
52,43,27
53,46,27
54,47,28
55,48,29
56,50,30
57,50,31
58,50,31
59,52,32
60,53,34
61,53,34
62,55,35
63,56,36
64,57,36
65,60,38
66,61,40
67,61,40
68,61,40
69,63,42
70,64,42
71,64,43
72,65,43
73,65,43
74,65,44
75,66,44
76,68,45
77,71,46
78,71,46
79,72,47
80,72,48
81,73,49
82,76,51
83,76,51
84,76,51
85,76,52
86,80,52
87,82,53
88,83,54
89,83,54
90,83,54
91,84,55
92,84,55
93,84,55
94,85,56
95,86,56
96,87,56
97,89,57
98,89,58
99,89,58
100,90,58
101,90,58
102,90,59
103,93,60
104,93,60
105,95,61
