,confirmations,time
0,1,1
1,1,2
2,1,2
3,1,2
4,1,3
5,1,3
6,1,4
7,2,5
8,4,7
9,4,8
10,4,8
11,4,8
12,4,8
13,4,9
14,5,9
15,8,10
16,9,10
17,9,11
18,9,12
19,9,13
20,11,14
21,11,14
22,11,14
23,11,14
24,19,15
25,19,16
26,20,17
27,20,17
28,20,17
29,22,18
30,25,19
31,25,19
32,26,20
33,27,20
34,27,20
35,27,20
36,27,20
37,27,20
38,27,20
39,27,20
40,27,20
41,27,20
42,27,20
43,27,20
44,27,20
45,27,20
46,27,20
47,27,20
48,27,20
49,27,20
50,27,20
51,27,20
52,27,20
53,27,20
54,31,21
55,49,22
56,49,22
57,50,23
58,52,23
59,52,23
60,53,24
61,54,25
62,54,26
63,54,26
64,54,26
65,55,26
66,55,27
67,59,28
68,59,28
69,60,29
70,61,30
71,61,30
72,61,30
73,61,30
74,61,31
75,63,33
76,64,33
77,66,34
78,68,35
79,68,35
80,68,36
81,73,38
82,75,38
83,76,38
84,76,39
85,78,39
86,78,40
87,78,40
88,80,41
89,81,41
90,82,42
91,83,42
92,83,43
93,83,43
94,83,44
95,86,45
96,88,45
97,89,46
98,89,46
99,91,47
100,92,48
101,92,49
102,95,49
103,95,50
104,96,50
105,98,53
106,99,54
107,100,54
108,101,54
109,101,55
110,106,56
111,106,58
112,106,59
113,106,59
114,106,60
115,108,61
