,confirmations,time
0,1,1
1,1,3
2,1,3
3,1,4
4,1,6
5,1,6
6,1,7
7,1,8
8,2,10
9,4,11
10,4,12
11,5,12
12,7,13
13,8,13
14,8,14
15,8,15
16,10,15
17,10,16
18,12,16
19,14,17
20,16,18
21,16,18
22,16,19
23,18,20
24,18,20
25,21,21
26,21,21
27,21,22
28,22,22
29,23,23
30,24,23
31,25,25
32,25,26
33,25,27
34,26,27
35,29,28
36,31,29
37,32,30
38,32,31
39,32,31
40,35,32
41,36,33
42,37,33
43,38,35
44,38,35
45,38,35
46,38,35
47,38,36
48,39,36
49,43,37
50,44,37
51,44,38
52,45,38
53,46,39
54,47,40
55,47,40
56,47,40
57,47,40
58,47,40
59,47,40
60,47,40
61,47,40
62,47,40
63,47,40
64,47,40
65,60,41
66,60,42
67,61,42
68,62,43
69,63,44
70,64,44
71,65,45
72,65,45
73,66,46
74,70,47
75,70,48
76,70,48
77,71,49
78,72,50
79,72,50
80,73,50
81,73,50
82,75,52
83,76,52
84,76,52
85,78,54
86,78,57
87,78,57
88,79,57
89,81,58
90,84,60
