,confirmations,time
0,1,1
1,1,1
2,1,1
3,1,1
4,1,2
5,1,2
6,1,2
7,1,2
8,1,2
9,1,2
10,1,2
11,1,2
12,1,2
13,1,2
14,1,2
15,1,3
16,1,3
17,1,4
18,1,4
19,1,4
20,1,4
21,1,5
22,1,5
23,5,5
24,5,6
25,6,6
26,6,7
27,6,7
28,7,7
29,13,7
30,14,8
31,14,8
32,18,8
33,18,9
34,19,9
35,19,10
36,19,10
37,23,10
38,23,10
39,23,10
40,25,11
41,26,11
42,27,12
43,27,12
44,28,12
45,29,13
46,29,13
47,32,14
48,34,14
49,35,14
50,35,14
51,37,16
52,39,16
53,40,16
54,40,17
55,43,17
56,44,17
57,45,18
58,45,18
59,46,18
60,47,19
61,49,19
62,51,19
63,53,20
64,55,20
65,55,20
66,55,21
67,57,22
68,60,22
69,60,22
70,60,23
71,60,23
72,60,24
73,62,25
74,62,25
75,63,26
76,64,26
77,64,26
78,66,27
79,70,27
80,70,28
81,72,28
82,72,28
83,72,29
84,74,29
85,75,30
86,76,30
87,76,31
88,77,31
89,77,32
90,78,32
91,79,33
92,80,34
93,83,34
94,83,35
95,83,35
96,84,35
97,84,35
98,85,36
99,88,37
100,88,37
101,90,37
102,90,38
103,91,38
104,95,38
105,95,39
106,95,39
107,95,39
108,100,41
109,101,41
110,101,41
111,101,42
112,102,43
113,102,43
114,102,43
115,105,44
116,105,44
117,105,45
118,105,45
119,108,46
120,108,46
121,110,47
122,111,47
123,113,48
124,114,49
125,115,50
126,118,50
127,119,50
128,122,51
129,123,52
130,125,52
131,125,53
132,125,53
133,126,53
134,128,54
135,129,55
136,129,56
137,129,56
138,129,56
139,131,57
140,132,58
141,132,58
142,132,58
143,135,58
144,135,59
145,135,59
146,138,60
