,confirmations,time
0,1,1
1,1,2
2,1,3
3,1,3
4,1,5
5,1,5
6,1,5
7,1,6
8,1,7
9,3,7
10,5,9
11,5,9
12,5,10
13,8,11
14,8,14
15,11,15
16,11,16
17,11,16
18,11,17
19,14,17
20,16,18
21,16,18
22,16,18
23,17,19
24,18,19
25,19,19
26,20,20
27,20,21
28,21,21
29,21,22
30,22,22
31,23,23
32,25,24
33,25,24
34,25,25
35,28,25
36,29,26
37,30,26
38,32,27
39,33,27
40,33,28
41,34,29
42,34,30
43,34,30
44,34,30
45,38,31
46,39,32
47,39,33
48,40,33
49,40,34
50,40,34
51,40,34
52,42,35
53,45,35
54,47,36
55,48,36
56,48,36
57,48,36
58,48,37
59,48,37
60,49,37
61,50,38
62,50,38
63,54,40
64,54,40
65,56,41
66,56,41
67,56,41
68,56,41
69,56,41
70,56,41
71,56,41
72,56,41
73,56,41
74,56,41
75,56,41
76,57,42
77,68,43
78,69,44
79,71,45
80,72,45
81,73,46
82,74,46
83,75,47
84,77,47
85,78,48
86,80,49
87,80,49
88,82,52
89,82,52
90,82,53
91,83,53
92,86,53
93,86,53
94,87,54
95,88,54
96,88,55
97,88,55
98,89,56
99,89,57
100,90,57
101,90,57
102,91,58
103,93,59
104,95,60
105,95,60
