,confirmations,time
0,1,1
1,1,1
2,1,1
3,1,1
4,1,2
5,1,2
6,1,2
7,1,2
8,1,2
9,1,2
10,1,2
11,1,2
12,1,3
13,1,3
14,1,3
15,1,3
16,1,3
17,1,4
18,6,4
19,6,4
20,8,4
21,8,5
22,8,5
23,8,6
24,8,6
25,8,7
26,11,7
27,11,7
28,13,7
29,13,8
30,14,8
31,16,8
32,17,9
33,17,10
34,21,10
35,22,10
36,22,10
37,22,10
38,22,11
39,22,11
40,24,12
41,26,12
42,26,13
43,27,13
44,28,14
45,28,14
46,28,14
47,28,15
48,30,15
49,32,16
50,36,16
51,38,16
52,38,16
53,38,16
54,40,17
55,40,17
56,40,17
57,40,18
58,41,18
59,43,18
60,45,19
61,46,19
62,46,19
63,46,20
64,47,20
65,49,21
66,50,21
67,50,21
68,50,22
69,50,22
70,52,22
71,52,23
72,53,24
73,54,24
74,55,24
75,56,25
76,59,25
77,61,26
78,63,26
79,64,27
80,65,27
81,66,28
82,67,28
83,69,29
84,70,29
85,73,30
86,74,30
87,76,30
88,77,30
89,79,31
90,80,31
91,80,31
92,82,32
93,82,32
94,83,33
95,83,33
96,83,33
97,85,33
98,85,34
99,86,34
100,86,35
101,87,35
102,88,35
103,88,35
104,88,36
105,88,36
106,89,36
107,91,36
108,91,37
109,91,37
110,92,37
111,92,37
112,92,37
113,92,37
114,93,38
115,94,39
116,94,39
117,99,40
118,100,40
119,100,40
120,103,41
121,104,41
122,104,41
123,106,42
124,107,42
125,107,42
126,107,42
127,109,42
128,109,43
129,109,43
130,110,43
131,111,44
132,112,45
133,115,45
134,117,45
135,118,46
136,118,46
137,118,46
138,120,46
139,121,47
140,122,47
141,125,48
142,126,48
143,126,48
144,127,49
145,127,49
146,128,50
147,128,50
148,131,50
149,131,51
150,131,51
151,132,51
152,134,52
153,136,52
154,137,53
155,139,53
156,139,53
157,140,53
158,140,53
159,141,54
160,142,54
161,142,54
162,143,56
163,146,56
164,148,56
165,151,56
166,151,57
167,151,57
168,151,57
169,151,58
170,151,58
171,154,59
172,156,59
173,156,59
174,156,60
175,158,61
