,confirmations,time
0,1,1
1,1,2
2,1,2
3,1,3
4,1,4
5,1,4
6,1,4
7,1,5
8,1,5
9,1,5
10,1,6
11,1,6
12,4,6
13,4,7
14,6,8
15,6,8
16,7,8
17,9,9
18,9,10
19,9,10
20,10,10
21,10,11
22,11,11
23,11,12
24,11,12
25,11,12
26,17,13
27,19,13
28,19,13
29,20,14
30,20,14
31,22,15
32,23,15
33,24,15
34,26,17
35,28,17
36,28,17
37,28,18
38,31,19
39,32,19
40,32,19
41,32,20
42,33,20
43,33,20
44,35,21
45,36,21
46,36,22
47,36,22
48,37,22
49,37,22
50,37,23
51,37,24
52,38,24
53,39,24
54,41,25
55,41,25
56,44,25
57,44,26
58,44,26
59,45,26
60,45,27
61,48,27
62,49,28
63,49,29
64,51,29
65,51,29
66,51,30
67,51,30
68,53,31
69,56,31
70,56,31
71,56,31
72,57,32
73,58,32
74,60,32
75,61,33
76,63,33
77,65,33
78,67,33
79,67,34
80,67,34
81,67,35
82,67,35
83,67,35
84,67,36
85,69,36
86,71,37
87,75,37
88,75,38
89,76,38
90,76,39
91,77,39
92,79,39
93,79,39
94,85,40
95,85,40
96,88,41
97,89,42
98,91,43
99,91,43
100,91,44
101,93,44
102,93,45
103,93,45
104,93,45
105,94,45
106,96,46
107,96,46
108,97,46
109,99,47
110,99,48
111,100,48
112,100,48
113,101,49
114,101,49
115,104,50
116,107,50
117,108,51
118,108,51
119,109,51
120,110,52
121,110,52
122,114,53
123,115,53
124,116,54
125,117,54
126,117,55
127,117,55
128,117,55
129,118,56
130,121,57
131,122,57
132,123,58
133,123,58
134,124,58
135,125,59
136,126,59
137,127,59
138,128,59
139,130,60
