,confirmations,time
0,1,1
1,1,2
2,1,2
3,1,2
4,1,2
5,1,3
6,1,4
7,2,4
8,2,4
9,2,5
10,2,5
11,2,5
12,2,5
13,2,5
14,2,5
15,2,5
16,2,5
17,2,5
18,2,5
19,2,5
20,2,5
21,2,5
22,2,5
23,2,5
24,2,5
25,2,5
26,2,5
27,2,5
28,2,5
29,2,5
30,3,5
31,3,6
32,21,7
33,21,7
34,24,8
35,25,10
36,26,10
37,27,12
38,27,12
39,28,12
40,29,13
41,34,13
42,34,14
43,34,14
44,37,16
45,39,18
46,39,19
47,39,19
48,39,19
49,41,20
50,43,21
51,43,21
52,43,21
53,44,22
54,45,22
55,48,23
56,48,24
57,48,25
58,48,25
59,50,26
60,51,26
61,51,27
62,56,28
63,56,29
64,56,30
65,57,30
66,58,31
67,59,31
68,64,33
69,64,33
70,64,34
71,64,34
72,64,34
73,67,35
74,67,35
75,68,35
76,68,36
77,69,37
78,70,38
79,70,39
80,70,40
81,71,42
82,72,42
83,74,43
84,77,43
85,78,44
86,80,44
87,80,44
88,81,45
89,83,46
90,83,46
91,84,46
92,84,47
93,85,47
94,85,47
95,86,47
96,87,48
97,87,48
98,89,49
99,92,50
100,94,51
101,94,52
102,94,53
103,94,53
104,94,53
105,94,54
106,98,54
107,100,55
108,101,55
109,102,56
110,104,58
111,104,58
112,107,60
113,107,61
