,confirmations,time
0,1,1
1,1,2
2,1,2
3,1,2
4,1,3
5,1,3
6,1,4
7,1,4
8,1,4
9,1,4
10,1,4
11,2,5
12,5,5
13,5,5
14,5,6
15,7,7
16,10,8
17,10,8
18,11,9
19,14,10
20,16,11
21,16,12
22,17,13
23,17,15
24,17,15
25,17,16
26,17,16
27,20,16
28,22,17
29,23,17
30,23,17
31,23,18
32,23,19
33,23,20
34,23,20
35,23,20
36,25,21
37,27,22
38,31,22
39,31,24
40,32,25
41,32,26
42,34,27
43,34,27
44,37,28
45,37,29
46,38,29
47,40,30
48,42,31
49,42,31
50,44,32
51,46,33
52,47,33
53,47,33
54,49,35
55,49,36
56,50,37
57,50,37
58,50,37
59,52,38
60,54,38
61,54,39
62,54,39
63,54,39
64,57,40
65,58,41
66,58,42
67,58,43
68,59,43
69,60,45
70,63,46
71,64,47
72,65,47
73,65,47
74,65,48
75,65,48
76,66,48
77,67,48
78,68,49
79,72,49
80,72,50
81,72,51
82,72,51
83,73,52
84,73,54
85,74,54
86,75,55
87,78,56
88,78,56
89,78,57
90,82,59
91,82,59
92,82,59
93,82,60
94,83,60
95,85,60
