,confirmations,time
0,1,1
1,1,2
2,1,3
3,1,3
4,1,3
5,1,3
6,1,3
7,1,4
8,1,4
9,1,5
10,1,5
11,1,5
12,1,5
13,1,5
14,1,5
15,1,5
16,1,5
17,1,5
18,1,5
19,1,5
20,1,5
21,1,6
22,17,8
23,17,9
24,17,9
25,18,10
26,21,11
27,21,13
28,22,15
29,23,15
30,23,16
31,25,16
32,27,17
33,27,17
34,27,18
35,27,18
36,30,19
37,30,19
38,30,19
39,33,21
40,33,22
41,34,23
42,35,24
43,35,24
44,36,25
45,38,25
46,39,26
47,40,26
48,40,27
49,42,28
50,42,28
51,44,28
52,46,29
53,46,30
54,47,30
55,47,31
56,47,32
57,48,32
58,48,32
59,51,34
60,51,35
61,51,36
62,51,36
63,51,36
64,55,38
65,58,38
66,58,39
67,59,39
68,59,39
69,59,39
70,59,40
71,63,40
72,64,42
73,64,43
74,64,43
75,64,44
76,65,45
77,68,45
78,69,47
79,70,47
80,71,48
81,72,49
82,73,49
83,74,49
84,74,50
85,76,51
86,79,51
87,79,51
88,79,54
89,79,54
90,79,54
91,80,55
92,81,55
93,81,56
94,82,56
95,83,57
96,83,57
97,84,58
98,85,59
99,88,59
100,91,61
