,confirmations,time
0,1,1
1,1,1
2,1,1
3,1,2
4,1,2
5,1,2
6,1,2
7,1,2
8,1,2
9,1,2
10,1,2
11,1,2
12,1,2
13,1,2
14,1,2
15,1,3
16,2,3
17,2,3
18,4,4
19,6,4
20,6,5
21,8,5
22,8,6
23,8,6
24,9,7
25,9,7
26,13,8
27,13,8
28,14,8
29,14,9
30,14,9
31,15,10
32,18,10
33,21,10
34,21,10
35,21,11
36,22,11
37,23,12
38,23,12
39,24,12
40,24,12
41,25,13
42,25,13
43,28,13
44,31,14
45,32,15
46,32,15
47,32,15
48,33,16
49,34,16
50,34,16
51,35,17
52,36,17
53,39,17
54,40,18
55,41,18
56,42,18
57,42,18
58,42,19
59,43,19
60,43,19
61,44,19
62,44,19
63,46,20
64,49,20
65,53,20
66,53,21
67,53,21
68,53,21
69,53,21
70,54,21
71,54,21
72,54,22
73,55,22
74,56,22
75,57,22
76,58,22
77,59,23
78,60,24
79,60,25
80,60,25
81,62,25
82,62,26
83,62,26
84,62,26
85,62,26
86,63,27
87,63,27
88,64,27
89,65,27
90,65,28
91,68,28
92,72,29
93,78,30
94,78,30
95,79,30
96,80,31
97,82,32
98,83,32
99,85,32
100,85,33
101,85,33
102,85,33
103,87,33
104,88,33
105,89,33
106,90,34
107,91,34
108,93,35
109,94,35
110,94,35
111,94,35
112,95,36
113,95,36
114,95,36
115,95,37
116,98,37
117,99,37
118,100,38
119,100,38
120,100,38
121,101,38
122,101,39
123,104,39
124,105,39
125,105,40
126,106,40
127,107,40
128,110,40
129,110,41
130,111,41
131,112,41
132,114,41
133,116,42
134,118,42
135,119,42
136,119,43
137,121,43
138,121,44
139,122,45
140,122,45
141,122,46
142,124,46
143,127,46
144,128,47
145,128,47
146,130,48
147,133,48
148,134,49
149,137,49
150,137,50
151,139,50
152,139,50
153,139,50
154,139,50
155,140,51
156,144,52
157,144,52
158,145,52
159,146,53
160,148,53
161,150,54
162,150,54
163,153,55
164,155,55
165,155,58
166,156,58
167,157,58
168,157,58
169,157,58
170,164,59
171,164,60
172,164,60
173,164,60
174,164,60
