,confirmations,time
0,1,1
1,1,1
2,1,2
3,1,2
4,1,2
5,1,4
6,1,6
7,1,7
8,1,7
9,1,8
10,4,9
11,5,9
12,5,10
13,8,11
14,8,12
15,10,12
16,10,13
17,12,14
18,14,15
19,14,15
20,14,16
21,14,16
22,14,17
23,14,17
24,15,17
25,16,17
26,18,18
27,18,18
28,20,19
29,24,20
30,24,21
31,26,23
32,26,24
33,26,24
34,26,24
35,26,25
36,26,25
37,26,25
38,29,25
39,33,26
40,33,27
41,33,27
42,33,27
43,34,28
44,38,28
45,38,28
46,39,29
47,39,30
48,40,30
49,40,30
50,40,30
51,42,32
52,44,33
53,45,34
54,45,35
55,48,36
56,49,37
57,50,38
58,52,39
59,52,40
60,54,40
61,54,40
62,54,40
63,54,40
64,54,40
65,54,40
66,54,40
67,54,40
68,54,40
69,54,40
70,54,40
71,54,40
72,55,41
73,65,42
74,66,42
75,66,42
76,66,43
77,66,43
78,67,44
79,68,45
80,71,45
81,71,46
82,74,47
83,78,47
84,79,48
85,80,49
86,81,50
87,81,50
88,82,51
89,83,52
90,84,53
91,84,53
92,84,54
93,88,55
94,88,55
95,88,55
96,90,56
97,91,58
98,92,58
99,92,59
100,92,59
101,92,59
102,92,59
103,92,60
104,95,61
