,confirmations,time
0,1,1
1,1,1
2,1,2
3,1,2
4,1,2
5,1,2
6,1,2
7,1,2
8,1,2
9,1,2
10,1,2
11,1,2
12,1,2
13,1,2
14,1,2
15,1,2
16,1,3
17,1,3
18,1,3
19,1,4
20,6,4
21,7,5
22,7,6
23,9,6
24,9,6
25,12,8
26,12,8
27,13,8
28,18,9
29,18,9
30,18,9
31,19,10
32,19,10
33,22,10
34,22,10
35,22,11
36,22,11
37,24,11
38,25,11
39,25,11
40,26,12
41,27,12
42,28,12
43,29,13
44,32,13
45,32,13
46,32,13
47,32,14
48,33,14
49,34,14
50,34,15
51,34,15
52,36,15
53,38,16
54,38,16
55,38,17
56,39,17
57,42,17
58,43,18
59,43,18
60,44,18
61,45,18
62,45,18
63,46,19
64,48,19
65,50,20
66,51,20
67,51,20
68,52,20
69,53,21
70,55,22
71,57,22
72,58,22
73,58,23
74,59,23
75,60,24
76,62,24
77,63,25
78,64,25
79,64,25
80,65,25
81,66,26
82,68,26
83,68,27
84,68,27
85,69,27
86,69,27
87,71,28
88,73,28
89,74,29
90,74,29
91,78,29
92,80,30
93,80,30
94,82,30
95,84,31
96,84,31
97,85,31
98,86,32
99,86,32
100,87,32
101,87,32
102,88,32
103,89,33
104,89,33
105,89,33
106,90,33
107,90,34
108,91,34
109,93,35
110,93,35
111,93,35
112,95,36
113,97,37
114,97,37
115,98,37
116,99,38
117,100,38
118,100,38
119,100,39
120,103,39
121,104,39
122,107,40
123,109,41
124,110,41
125,112,41
126,112,41
127,112,42
128,112,42
129,113,42
130,114,43
131,115,43
132,115,43
133,116,43
134,116,43
135,116,44
136,118,46
137,120,46
138,121,47
139,123,47
140,125,48
141,125,48
142,127,48
143,129,49
144,131,49
145,134,50
146,134,51
147,134,51
148,135,51
149,135,52
150,135,52
151,138,52
152,140,53
153,141,53
154,142,53
155,142,54
156,143,54
157,143,55
158,145,55
159,147,55
160,147,56
161,150,56
162,150,57
163,154,57
164,155,57
165,155,58
166,158,59
167,158,59
168,158,60
169,158,60
170,160,61
