,confirmations,time
0,1,1
1,1,1
2,1,1
3,1,2
4,1,2
5,1,2
6,1,2
7,1,2
8,1,3
9,1,3
10,1,3
11,2,3
12,2,3
13,4,4
14,4,5
15,4,5
16,5,6
17,7,6
18,8,8
19,8,8
20,9,9
21,10,9
22,11,10
23,11,10
24,13,11
25,14,11
26,15,12
27,17,13
28,18,13
29,18,13
30,18,14
31,19,15
32,20,15
33,20,15
34,20,16
35,25,16
36,26,16
37,27,17
38,29,18
39,29,18
40,29,19
41,29,19
42,30,19
43,33,20
44,33,20
45,33,20
46,33,21
47,33,21
48,34,22
49,34,22
50,36,22
51,36,23
52,37,24
53,39,24
54,40,25
55,41,26
56,41,27
57,42,27
58,48,29
59,50,29
60,50,29
61,54,31
62,54,31
63,55,32
64,55,33
65,55,33
66,55,33
67,59,35
68,59,35
69,59,35
70,60,37
71,60,37
72,62,38
73,64,38
74,64,39
75,64,39
76,65,39
77,66,39
78,68,40
79,68,40
80,69,42
81,70,42
82,70,43
83,71,44
84,72,45
85,72,45
86,73,46
87,73,46
88,74,47
89,76,48
90,78,48
91,78,49
92,79,49
93,79,50
94,79,51
95,79,52
96,81,53
97,85,54
98,86,55
99,87,56
100,89,57
101,90,58
102,92,58
103,93,59
104,94,60
105,94,61
