,confirmations,time
0,1,1
1,1,1
2,1,1
3,1,1
4,1,1
5,1,1
6,1,2
7,1,2
8,1,2
9,1,2
10,3,3
11,3,3
12,3,3
13,3,3
14,3,4
15,3,4
16,4,5
17,4,5
18,5,6
19,5,6
20,5,7
21,5,7
22,10,8
23,15,8
24,15,8
25,17,8
26,17,9
27,18,9
28,19,10
29,21,10
30,21,10
31,22,11
32,23,11
33,23,12
34,24,12
35,25,12
36,25,13
37,27,13
38,28,13
39,30,14
40,31,15
41,32,15
42,33,15
43,33,16
44,33,16
45,34,16
46,36,17
47,37,17
48,37,18
49,37,18
50,37,19
51,38,19
52,38,19
53,38,19
54,44,21
55,44,21
56,44,21
57,46,22
58,47,22
59,48,22
60,48,23
61,49,23
62,51,24
63,51,25
64,51,25
65,52,26
66,52,26
67,53,26
68,55,27
69,56,27
70,58,28
71,59,28
72,59,29
73,61,29
74,62,29
75,62,29
76,63,29
77,63,30
78,64,30
79,66,30
80,66,31
81,68,31
82,69,32
83,70,32
84,71,32
85,71,33
86,72,33
87,73,33
88,73,33
89,75,34
90,75,34
91,75,34
92,76,35
93,77,35
94,78,35
95,79,36
96,80,36
97,81,36
98,82,37
99,84,37
100,85,38
101,86,39
102,86,39
103,89,39
104,89,39
105,89,39
106,89,39
107,90,40
108,90,40
109,91,40
110,92,40
111,92,40
112,93,41
113,94,41
114,96,41
115,96,42
116,98,42
117,100,42
118,100,43
119,100,43
120,101,43
121,101,44
122,102,45
123,106,45
124,107,46
125,107,46
126,107,47
127,108,47
128,108,47
129,112,47
130,113,48
131,117,48
132,120,48
133,121,49
134,121,49
135,122,49
136,122,49
137,122,50
138,123,50
139,125,50
140,126,50
141,126,51
142,127,51
143,128,51
144,130,52
145,132,52
146,133,53
147,135,53
148,136,54
149,136,54
150,136,55
151,136,55
152,137,55
153,140,56
154,140,56
155,141,56
156,142,57
157,145,57
158,145,57
159,146,58
160,147,58
161,149,59
162,149,59
163,150,59
164,150,59
165,150,60
166,152,60
