,confirmations,time
0,1,1
1,1,1
2,1,1
3,1,1
4,1,1
5,1,2
6,1,2
7,1,2
8,1,2
9,1,2
10,1,2
11,1,2
12,1,2
13,1,3
14,1,3
15,1,4
16,1,4
17,5,4
18,6,5
19,6,5
20,8,5
21,8,5
22,10,7
23,10,7
24,11,7
25,11,9
26,13,9
27,14,11
28,14,11
29,15,11
30,15,12
31,16,12
32,17,12
33,22,13
34,23,14
35,23,14
36,25,15
37,25,16
38,25,17
39,26,17
40,27,17
41,27,17
42,28,18
43,31,18
44,33,19
45,34,19
46,34,19
47,34,20
48,34,20
49,34,21
50,36,21
51,37,22
52,37,23
53,41,24
54,41,24
55,42,24
56,42,24
57,43,25
58,47,25
59,48,25
60,49,25
61,51,26
62,51,26
63,53,27
64,53,27
65,53,27
66,53,28
67,53,28
68,53,29
69,54,29
70,54,30
71,55,30
72,57,31
73,57,32
74,58,32
75,58,32
76,58,32
77,61,33
78,63,33
79,64,34
80,67,34
81,68,34
82,69,35
83,70,35
84,71,36
85,71,36
86,71,36
87,71,37
88,72,37
89,73,37
90,73,37
91,76,38
92,78,38
93,79,39
94,80,39
95,81,39
96,81,40
97,82,41
98,82,41
99,82,41
100,82,41
101,83,42
102,84,42
103,88,43
104,89,44
105,89,44
106,89,44
107,91,44
108,91,45
109,92,46
110,92,46
111,95,46
112,95,47
113,96,47
114,98,48
115,98,48
116,100,49
117,101,49
118,101,49
119,104,50
120,107,50
121,108,50
122,108,51
123,110,51
124,112,52
125,112,52
126,112,52
127,112,52
128,112,53
129,116,53
130,116,54
131,116,55
132,118,55
133,118,55
134,119,56
135,119,56
136,119,56
137,119,56
138,120,56
139,121,57
140,124,58
141,124,58
142,125,59
143,125,59
144,127,59
145,129,60
