,confirmations,time
0,1,1
1,1,2
2,1,2
3,1,2
4,1,3
5,1,3
6,1,4
7,1,4
8,3,6
9,4,6
10,4,6
11,5,7
12,5,7
13,5,7
14,6,7
15,6,8
16,9,9
17,9,9
18,9,10
19,11,11
20,13,11
21,13,12
22,16,13
23,17,14
24,17,14
25,17,14
26,19,15
27,20,18
28,20,19
29,20,19
30,22,21
31,23,21
32,28,22
33,29,23
34,29,24
35,29,24
36,31,25
37,33,26
38,33,28
39,33,28
40,33,29
41,35,29
42,35,30
43,36,30
44,39,31
45,39,31
46,40,31
47,42,33
48,42,33
49,42,33
50,44,34
51,44,34
52,46,35
53,47,36
54,47,36
55,47,37
56,47,37
57,48,38
58,49,38
59,49,38
60,52,39
61,54,41
62,54,41
63,56,42
64,56,43
65,58,44
66,59,45
67,59,46
68,63,47
69,64,48
70,64,49
71,64,49
72,66,50
73,67,50
74,69,51
75,69,51
76,69,52
77,69,52
78,71,53
79,71,53
80,73,56
81,74,57
82,75,58
83,76,60
