,confirmations,time
0,1,1
1,1,1
2,1,1
3,1,2
4,1,2
5,1,2
6,1,3
7,1,4
8,1,4
9,1,4
10,1,4
11,1,4
12,1,4
13,1,4
14,1,4
15,1,4
16,1,4
17,1,4
18,1,4
19,1,4
20,1,4
21,1,4
22,1,5
23,8,5
24,10,7
25,13,7
26,14,8
27,15,9
28,16,9
29,21,11
30,21,11
31,24,13
32,26,14
33,28,15
34,29,16
35,29,17
36,30,17
37,30,17
38,30,18
39,30,18
40,30,18
41,32,19
42,33,20
43,35,21
44,35,21
45,35,22
46,36,22
47,36,23
48,37,23
49,40,23
50,43,24
51,43,25
52,43,25
53,43,26
54,45,27
55,46,28
56,47,28
57,47,29
58,47,30
59,48,30
60,48,30
61,51,31
62,52,32
63,52,33
64,52,33
65,55,34
66,57,34
67,58,35
68,61,37
69,62,38
70,63,38
71,63,39
72,63,39
73,67,41
74,68,42
75,68,42
76,68,42
77,68,42
78,68,43
79,70,44
80,70,45
81,71,45
82,73,46
83,73,47
84,73,47
85,75,48
86,79,50
87,80,50
88,80,51
89,81,51
90,85,53
91,85,54
92,86,54
93,86,54
94,86,55
95,86,55
96,89,56
97,90,59
98,90,59
99,90,60
100,91,60
