,confirmations,time
0,1,1
1,1,1
2,1,2
3,1,2
4,1,2
5,1,3
6,1,3
7,1,3
8,2,5
9,3,5
10,3,5
11,3,5
12,4,6
13,4,6
14,4,6
15,4,7
16,5,7
17,10,8
18,11,9
19,12,11
20,14,12
21,16,13
22,16,14
23,17,14
24,17,15
25,20,17
26,20,17
27,20,18
28,23,20
29,23,20
30,25,21
31,26,22
32,26,23
33,27,24
34,28,26
35,28,27
36,28,28
37,29,28
38,30,29
39,34,30
40,35,31
41,37,32
42,38,34
43,38,35
44,38,35
45,39,36
46,39,36
47,39,36
48,42,37
49,43,40
50,43,41
51,43,42
52,44,42
53,46,44
54,46,45
55,47,45
56,47,45
57,51,47
58,52,48
59,52,48
60,52,48
61,52,48
62,52,49
63,52,49
64,55,50
65,56,50
66,56,51
67,56,51
68,59,53
69,63,55
70,63,56
71,65,57
72,65,58
73,68,59
74,69,59
75,69,60
76,69,60
