,confirmations,time
0,1,1
1,1,1
2,1,3
3,1,4
4,1,4
5,1,5
6,1,5
7,1,6
8,1,6
9,3,7
10,4,8
11,6,9
12,6,9
13,8,11
14,8,11
15,8,12
16,9,12
17,10,12
18,10,13
19,11,13
20,14,14
21,14,14
22,14,15
23,15,15
24,17,16
25,17,16
26,18,17
27,18,17
28,19,18
29,20,19
30,21,19
31,22,21
32,22,21
33,23,22
34,24,22
35,28,24
36,28,24
37,30,25
38,30,25
39,32,26
40,33,27
41,35,28
42,36,29
43,36,29
44,37,29
45,38,30
46,38,30
47,40,30
48,41,31
49,41,32
50,44,33
51,44,34
52,44,34
53,46,35
54,47,36
55,49,37
56,51,38
57,51,38
58,51,39
59,53,40
60,54,41
61,54,41
62,54,41
63,54,41
64,54,41
65,54,41
66,54,41
67,54,41
68,54,41
69,54,41
70,54,41
71,55,41
72,56,41
73,65,42
74,66,42
75,67,43
76,67,43
77,67,44
78,69,44
79,69,45
80,71,46
81,74,46
82,75,47
83,75,48
84,76,48
85,76,49
86,77,49
87,78,50
88,78,50
89,80,51
90,82,51
91,84,52
92,84,54
93,85,55
94,87,55
95,87,56
96,91,59
97,92,59
98,93,60
