,confirmations,time
0,1,1
1,1,1
2,1,2
3,1,2
4,1,3
5,1,4
6,1,5
7,1,5
8,2,5
9,2,5
10,2,5
11,2,7
12,7,7
13,7,7
14,7,7
15,9,8
16,9,8
17,9,9
18,9,9
19,12,10
20,13,11
21,14,13
22,15,14
23,15,14
24,15,15
25,15,16
26,18,16
27,21,18
28,22,18
29,22,19
30,22,19
31,23,20
32,26,21
33,27,22
34,27,22
35,27,22
36,28,23
37,29,23
38,31,23
39,31,24
40,32,24
41,34,25
42,34,26
43,35,27
44,36,27
45,36,28
46,38,29
47,38,29
48,38,29
49,39,30
50,40,30
51,42,32
52,44,33
53,44,33
54,46,35
55,47,36
56,48,37
57,48,38
58,48,38
59,52,39
60,53,40
61,54,41
62,55,41
63,56,41
64,57,42
65,57,42
66,57,43
67,59,44
68,60,44
69,62,46
70,63,46
71,63,47
72,63,47
73,64,48
74,67,48
75,69,50
76,69,50
77,71,51
78,71,51
79,75,54
80,75,55
81,77,56
82,77,57
83,77,58
84,77,58
85,78,59
86,81,60
87,81,60
88,82,61
