,confirmations,time
0,1,1
1,1,1
2,1,1
3,1,2
4,1,2
5,1,3
6,1,4
7,2,6
8,2,7
9,2,7
10,2,7
11,2,7
12,2,7
13,2,7
14,2,7
15,2,7
16,2,7
17,2,7
18,2,7
19,2,7
20,2,7
21,2,7
22,2,7
23,2,7
24,2,7
25,2,7
26,2,7
27,2,7
28,2,7
29,2,7
30,7,8
31,10,9
32,10,9
33,19,10
34,22,10
35,28,11
36,30,12
37,30,13
38,32,14
39,32,15
40,33,16
41,33,16
42,35,17
43,36,18
44,36,18
45,36,18
46,37,19
47,38,19
48,39,20
49,41,20
50,43,22
51,43,22
52,43,22
53,43,22
54,45,24
55,47,25
56,48,25
57,48,25
58,48,26
59,51,26
60,52,27
61,53,27
62,54,28
63,54,29
64,55,30
65,56,31
66,57,31
67,58,33
68,59,33
69,59,33
70,61,34
71,62,34
72,62,35
73,66,36
74,67,36
75,68,37
76,68,38
77,70,39
78,70,39
79,70,39
80,70,40
81,71,40
82,75,42
83,76,43
84,76,43
85,77,43
86,77,43
87,77,44
88,79,45
89,81,45
90,81,47
91,81,47
92,82,48
93,82,50
94,85,51
95,86,51
96,86,51
97,89,53
98,92,54
99,92,54
100,93,55
101,95,56
102,95,57
103,95,57
104,95,57
105,95,57
106,95,57
107,95,58
108,100,59
109,100,60
