,confirmations,time
0,1,1
1,1,2
2,1,3
3,1,3
4,1,3
5,1,4
6,2,6
7,2,7
8,2,8
9,2,9
10,2,9
11,2,9
12,4,10
13,4,10
14,5,10
15,7,11
16,9,12
17,9,12
18,9,13
19,12,13
20,12,14
21,15,14
22,16,15
23,16,16
24,16,16
25,18,17
26,18,18
27,19,19
28,21,19
29,21,20
30,24,20
31,24,22
32,24,22
33,24,22
34,24,22
35,24,22
36,24,22
37,24,22
38,24,22
39,24,22
40,24,22
41,24,22
42,24,22
43,24,22
44,24,22
45,24,22
46,24,22
47,24,22
48,24,22
49,24,22
50,24,22
51,24,22
52,45,24
53,47,24
54,47,24
55,48,25
56,49,25
57,52,27
58,53,28
59,53,29
60,54,30
61,56,31
62,57,32
63,57,33
64,58,33
65,58,34
66,62,35
67,62,35
68,62,36
69,64,36
70,64,36
71,66,37
72,66,38
73,67,39
74,67,39
75,68,41
76,69,42
77,69,42
78,70,43
79,70,43
80,72,43
81,73,44
82,75,45
83,75,45
84,76,45
85,78,48
86,78,49
87,79,49
88,80,50
89,81,52
90,82,53
91,82,54
92,85,55
93,87,55
94,88,56
95,89,57
96,90,57
97,92,58
98,92,59
99,92,60
100,94,60
