,confirmations,time
0,1,1
1,1,1
2,1,2
3,1,2
4,1,2
5,1,3
6,1,4
7,1,5
8,2,6
9,2,7
10,3,7
11,3,7
12,3,8
13,7,8
14,7,9
15,9,10
16,9,10
17,9,10
18,10,11
19,10,12
20,11,13
21,12,13
22,13,14
23,16,14
24,16,15
25,18,15
26,21,17
27,21,17
28,21,17
29,24,18
30,24,19
31,24,19
32,25,20
33,25,20
34,25,20
35,26,20
36,28,21
37,28,21
38,29,21
39,30,22
40,30,22
41,32,23
42,32,23
43,32,23
44,33,24
45,34,24
46,35,24
47,36,24
48,37,25
49,37,25
50,37,26
51,38,26
52,38,26
53,38,27
54,41,27
55,42,27
56,42,27
57,44,28
58,44,28
59,46,29
60,47,30
61,47,31
62,49,32
63,49,32
64,50,33
65,50,33
66,51,34
67,53,34
68,56,34
69,58,34
70,60,35
71,60,35
72,60,36
73,63,36
74,63,36
75,66,37
76,67,38
77,67,38
78,68,39
79,68,39
80,70,40
81,71,41
82,71,41
83,72,41
84,72,42
85,73,42
86,74,42
87,77,43
88,77,44
89,78,44
90,80,45
91,80,45
92,81,46
93,82,46
94,84,46
95,84,47
96,87,47
97,87,48
98,87,48
99,87,48
100,87,48
101,89,49
102,92,49
103,92,50
104,93,50
105,94,50
106,94,50
107,99,52
108,99,52
109,99,52
110,99,52
111,99,53
112,100,53
113,102,54
114,103,54
115,103,55
116,103,55
117,103,55
118,105,55
119,105,56
120,108,57
121,108,57
122,108,57
123,108,57
124,109,57
125,109,58
126,110,58
127,110,58
128,111,59
129,111,59
130,112,59
131,115,60
