,confirmations,time
0,1,1
1,1,3
2,1,4
3,1,5
4,1,6
5,1,7
6,1,8
7,2,8
8,2,9
9,3,9
10,4,10
11,4,10
12,7,11
13,8,11
14,9,12
15,10,13
16,10,14
17,12,14
18,14,15
19,14,17
20,15,18
21,17,21
22,17,21
23,17,21
24,17,21
25,17,21
26,17,21
27,17,21
28,17,21
29,17,21
30,17,21
31,17,21
32,17,21
33,17,21
34,17,21
35,17,21
36,17,21
37,17,21
38,17,21
39,17,21
40,17,21
41,17,21
42,17,21
43,18,22
44,39,24
45,39,25
46,39,25
47,40,26
48,40,26
49,44,28
50,44,29
51,44,29
52,46,30
53,47,31
54,47,31
55,49,32
56,51,34
57,52,34
58,52,35
59,52,35
60,53,35
61,54,36
62,56,36
63,56,36
64,56,37
65,60,38
66,60,39
67,60,39
68,60,39
69,60,40
70,62,40
71,62,41
72,63,42
73,66,43
74,66,43
75,66,44
76,68,45
77,70,46
78,71,46
79,73,48
80,73,48
81,73,48
82,77,49
83,77,50
84,78,50
85,78,51
86,79,51
87,80,51
88,83,52
89,83,53
90,83,53
91,83,54
92,84,54
93,84,54
94,84,55
95,87,56
96,87,57
97,87,57
98,88,57
99,90,58
100,90,58
101,92,59
102,93,59
103,95,60
