,confirmations,time
0,1,1
1,1,2
2,1,3
3,1,4
4,1,5
5,1,6
6,1,7
7,2,7
8,2,7
9,3,8
10,5,8
11,5,8
12,5,9
13,8,11
14,8,12
15,8,12
16,10,13
17,10,13
18,10,14
19,13,14
20,13,15
21,13,16
22,16,16
23,17,17
24,18,17
25,21,19
26,21,19
27,21,19
28,21,20
29,22,20
30,22,20
31,22,20
32,22,20
33,22,20
34,22,20
35,22,20
36,22,20
37,22,20
38,22,20
39,22,20
40,22,20
41,22,20
42,22,20
43,22,20
44,22,20
45,22,20
46,22,20
47,22,20
48,22,20
49,22,20
50,23,21
51,23,21
52,34,22
53,35,23
54,44,25
55,45,25
56,47,26
57,48,26
58,50,27
59,52,28
60,52,28
61,53,29
62,55,30
63,56,30
64,57,30
65,57,31
66,60,32
67,60,33
68,62,34
69,62,34
70,62,34
71,65,35
72,66,36
73,68,36
74,69,38
75,69,39
76,70,40
77,70,40
78,70,40
79,73,41
80,75,42
81,75,43
82,75,44
83,75,45
84,77,45
85,77,46
86,77,46
87,81,46
88,83,47
89,83,47
90,83,48
91,84,48
92,84,49
93,84,50
94,86,51
95,86,51
96,86,51
97,88,52
98,90,53
99,90,54
100,90,55
101,91,55
102,93,55
103,93,56
104,95,57
105,96,57
106,98,59
107,99,59
108,99,59
109,99,60
110,101,60
