,confirmations,time
0,1,1
1,1,2
2,1,3
3,1,3
4,1,3
5,1,4
6,1,4
7,1,5
8,1,5
9,1,5
10,1,5
11,1,6
12,1,6
13,4,6
14,4,7
15,5,7
16,6,8
17,7,8
18,8,8
19,10,8
20,10,9
21,11,10
22,11,10
23,12,11
24,12,11
25,13,11
26,13,11
27,16,12
28,17,12
29,17,13
30,17,13
31,17,13
32,19,14
33,20,14
34,21,15
35,21,15
36,21,15
37,21,16
38,22,16
39,26,17
40,27,17
41,29,17
42,30,17
43,30,18
44,31,18
45,31,18
46,32,19
47,33,19
48,34,20
49,36,21
50,39,22
51,39,22
52,39,23
53,40,24
54,41,24
55,42,24
56,43,24
57,46,25
58,47,26
59,47,26
60,47,26
61,49,26
62,49,27
63,50,27
64,51,28
65,51,28
66,53,28
67,54,29
68,55,29
69,55,30
70,56,30
71,56,31
72,56,31
73,57,31
74,59,32
75,62,32
76,63,32
77,63,32
78,64,33
79,65,33
80,68,33
81,68,34
82,69,34
83,70,34
84,72,35
85,73,36
86,75,36
87,76,37
88,76,39
89,76,39
90,77,40
91,77,40
92,77,40
93,78,40
94,80,41
95,85,41
96,85,41
97,88,42
98,88,42
99,88,42
100,88,43
101,88,43
102,88,44
103,88,44
104,88,45
105,91,45
106,92,45
107,92,46
108,95,46
109,97,46
110,99,47
111,100,47
112,100,48
113,100,48
114,101,49
115,103,50
116,106,50
117,108,51
118,110,52
119,112,52
120,112,53
121,112,53
122,113,54
123,114,55
124,115,55
125,118,56
126,118,57
127,119,57
128,119,58
129,120,58
130,122,59
131,124,59
132,124,59
133,124,59
134,126,60
135,128,60
