,confirmations,time
0,1,1
1,1,2
2,1,3
3,1,4
4,1,4
5,1,4
6,1,5
7,1,5
8,1,6
9,1,9
10,1,10
11,1,10
12,7,11
13,7,12
14,9,13
15,9,14
16,11,14
17,13,16
18,14,18
19,14,18
20,14,19
21,15,19
22,17,20
23,17,20
24,17,20
25,17,20
26,17,20
27,17,20
28,17,20
29,17,20
30,17,20
31,17,20
32,17,20
33,17,20
34,17,20
35,17,20
36,17,20
37,17,20
38,17,20
39,17,20
40,17,20
41,17,20
42,17,20
43,17,20
44,17,20
45,23,21
46,23,22
47,23,23
48,42,24
49,42,24
50,43,25
51,46,26
52,47,27
53,48,28
54,48,28
55,48,28
56,51,31
57,52,31
58,53,32
59,54,32
60,55,33
61,55,33
62,56,34
63,57,34
64,57,35
65,58,35
66,59,36
67,59,37
68,60,37
69,61,38
70,64,40
71,65,41
72,65,41
73,65,42
74,65,43
75,68,43
76,69,44
77,70,44
78,73,47
79,74,47
80,74,47
81,74,48
82,77,48
83,78,49
84,79,50
85,80,50
86,81,51
87,81,52
88,82,53
89,83,54
90,85,55
91,85,56
92,88,57
93,88,58
94,88,58
95,90,59
96,91,59
97,91,60
98,92,60
99,92,60
