,confirmations,time
0,1,1
1,1,1
2,1,2
3,1,2
4,1,2
5,1,3
6,2,4
7,2,5
8,2,5
9,2,5
10,2,6
11,2,6
12,5,6
13,5,7
14,5,7
15,6,7
16,10,8
17,12,9
18,12,9
19,12,9
20,13,9
21,14,10
22,16,11
23,16,11
24,16,11
25,17,12
26,17,12
27,18,12
28,20,13
29,20,14
30,20,14
31,22,15
32,24,15
33,24,15
34,24,15
35,24,16
36,24,16
37,26,16
38,30,17
39,30,17
40,30,18
41,30,18
42,30,18
43,31,19
44,31,19
45,33,20
46,38,20
47,39,20
48,39,21
49,40,21
50,40,21
51,40,22
52,40,22
53,41,22
54,42,23
55,46,23
56,46,24
57,46,24
58,47,25
59,48,25
60,50,25
61,50,26
62,51,26
63,51,26
64,52,27
65,55,27
66,56,27
67,56,27
68,57,28
69,58,28
70,58,28
71,60,29
72,62,29
73,62,30
74,63,30
75,63,30
76,63,31
77,63,31
78,63,31
79,63,32
80,63,32
81,67,32
82,67,33
83,69,33
84,70,34
85,72,34
86,74,35
87,74,35
88,75,36
89,75,37
90,75,37
91,76,38
92,76,38
93,79,39
94,80,40
95,82,40
96,83,40
97,83,40
98,85,41
99,85,41
100,85,41
101,87,42
102,89,42
103,90,42
104,90,42
105,92,43
106,92,43
107,92,43
108,93,43
109,93,43
110,94,44
111,97,44
112,97,45
113,97,46
114,98,46
115,98,47
116,99,47
117,100,48
118,102,48
119,103,48
120,105,48
121,105,49
122,108,49
123,110,49
124,111,50
125,113,50
126,113,51
127,113,51
128,113,51
129,113,52
130,115,52
131,115,52
132,115,52
133,116,52
134,119,53
135,122,54
136,125,54
137,125,54
138,125,55
139,125,55
140,125,55
141,125,56
142,126,56
143,129,57
144,132,58
145,133,58
146,133,58
147,133,58
148,135,59
149,136,59
150,136,59
151,137,60
152,137,60
153,137,60
