,confirmations,time
0,1,1
1,1,1
2,1,1
3,1,1
4,1,1
5,1,1
6,1,1
7,1,2
8,1,2
9,1,2
10,1,2
11,1,2
12,1,2
13,1,2
14,1,2
15,1,2
16,1,2
17,1,2
18,1,2
19,1,3
20,4,3
21,4,3
22,6,4
23,6,5
24,6,5
25,9,5
26,9,6
27,11,6
28,12,6
29,12,7
30,12,7
31,15,8
32,15,9
33,16,9
34,16,9
35,17,9
36,18,10
37,18,10
38,18,10
39,22,11
40,23,12
41,24,12
42,24,12
43,24,13
44,27,13
45,28,13
46,29,14
47,29,14
48,32,14
49,33,15
50,34,15
51,34,16
52,34,16
53,35,16
54,35,17
55,36,18
56,41,19
57,41,19
58,41,20
59,42,20
60,44,21
61,47,21
62,47,22
63,47,22
64,47,22
65,49,23
66,51,23
67,52,24
68,53,25
69,54,25
70,54,25
71,54,25
72,54,26
73,55,26
74,56,26
75,58,27
76,60,27
77,61,27
78,61,28
79,64,29
80,64,29
81,64,29
82,65,30
83,67,30
84,68,30
85,68,30
86,70,31
87,74,32
88,74,32
89,79,32
90,81,33
91,82,35
92,82,35
93,82,35
94,82,36
95,82,36
96,85,37
97,85,38
98,88,39
99,89,39
100,89,40
101,90,40
102,93,40
103,94,40
104,97,41
105,98,42
106,98,42
107,98,43
108,98,43
109,99,43
110,100,43
111,100,43
112,102,44
113,103,44
114,103,45
115,103,45
116,103,45
117,103,45
118,103,46
119,105,46
120,105,46
121,105,46
122,106,47
123,111,48
124,112,48
125,114,49
126,114,49
127,115,49
128,116,50
129,116,50
130,116,50
131,116,50
132,116,51
133,117,52
134,117,52
135,117,52
136,121,52
137,122,52
138,123,53
139,123,53
140,123,53
141,124,53
142,125,53
143,125,54
144,125,55
145,128,56
146,129,56
147,132,56
148,133,56
149,133,57
150,133,57
151,133,57
152,135,58
153,137,58
154,139,58
155,142,59
156,143,60
157,143,60
158,143,60
