,confirmations,time
0,1,1
1,1,1
2,1,1
3,1,1
4,1,2
5,1,2
6,1,2
7,1,2
8,1,3
9,1,3
10,1,3
11,1,3
12,1,3
13,1,3
14,1,4
15,1,4
16,4,4
17,5,5
18,5,5
19,5,5
20,7,6
21,9,6
22,9,7
23,9,7
24,10,7
25,10,8
26,10,8
27,10,9
28,11,9
29,11,9
30,11,10
31,17,10
32,18,11
33,20,11
34,20,11
35,20,12
36,20,12
37,22,13
38,22,13
39,26,13
40,26,13
41,28,14
42,29,15
43,29,16
44,32,16
45,32,18
46,34,19
47,34,19
48,35,19
49,36,20
50,37,20
51,38,20
52,38,21
53,39,21
54,41,22
55,43,22
56,44,22
57,44,23
58,46,23
59,47,23
60,47,24
61,48,24
62,49,25
63,50,25
64,50,26
65,52,26
66,54,26
67,57,27
68,57,27
69,59,27
70,59,27
71,59,27
72,59,28
73,60,28
74,64,28
75,64,29
76,64,29
77,65,30
78,65,30
79,65,30
80,66,31
81,66,31
82,67,32
83,70,33
84,70,33
85,70,33
86,70,34
87,72,34
88,73,34
89,74,35
90,75,35
91,77,35
92,77,36
93,79,36
94,80,37
95,80,37
96,81,37
97,81,38
98,83,38
99,83,38
100,84,39
101,85,39
102,87,40
103,87,40
104,88,40
105,88,40
106,88,41
107,90,42
108,95,42
109,97,43
110,98,43
111,98,44
112,98,44
113,98,45
114,100,45
115,100,45
116,102,45
117,102,46
118,104,46
119,104,46
120,106,47
121,108,47
122,109,48
123,110,48
124,110,48
125,110,49
126,110,49
127,110,49
128,112,50
129,112,50
130,112,51
131,113,51
132,113,51
133,116,51
134,117,52
135,119,52
136,121,52
137,123,52
138,124,52
139,124,53
140,124,53
141,125,53
142,127,54
143,127,54
144,128,54
145,130,56
146,130,56
147,131,56
148,131,57
149,133,57
150,135,59
151,135,59
152,135,59
153,136,59
154,136,59
155,141,60
156,145,61
