,confirmations,time
0,1,1
1,1,1
2,1,2
3,1,2
4,1,2
5,1,3
6,1,3
7,1,3
8,1,4
9,1,4
10,1,4
11,1,4
12,1,4
13,1,4
14,1,4
15,1,4
16,1,4
17,1,4
18,1,4
19,1,4
20,1,4
21,1,4
22,1,4
23,1,4
24,1,4
25,1,4
26,1,4
27,1,4
28,1,4
29,1,4
30,1,4
31,1,4
32,20,5
33,20,6
34,20,7
35,22,8
36,23,8
37,26,10
38,27,10
39,28,11
40,28,11
41,28,12
42,30,13
43,30,14
44,34,14
45,36,14
46,37,15
47,39,16
48,39,17
49,39,17
50,41,18
51,41,18
52,43,19
53,45,19
54,45,20
55,46,20
56,47,20
57,47,21
58,47,21
59,47,22
60,47,22
61,47,22
62,47,22
63,48,23
64,51,23
65,52,24
66,54,25
67,55,26
68,55,26
69,57,27
70,59,28
71,62,29
72,63,29
73,63,29
74,63,30
75,68,31
76,68,32
77,68,33
78,69,34
79,70,35
80,71,35
81,71,36
82,71,36
83,73,36
84,74,37
85,76,37
86,76,38
87,78,39
88,79,40
89,80,40
90,83,41
91,83,43
92,83,43
93,83,43
94,84,44
95,85,45
96,88,45
97,90,47
98,91,48
99,91,48
100,91,49
101,92,50
102,94,50
103,94,50
104,94,50
105,94,51
106,96,51
107,97,51
108,98,52
109,99,52
110,99,53
111,100,54
112,100,54
113,101,55
114,102,56
115,102,56
116,103,57
117,104,57
118,105,58
119,105,58
120,110,60
121,110,60
