,confirmations,time
0,1,1
1,1,1
2,1,1
3,1,2
4,1,2
5,1,2
6,1,2
7,1,2
8,1,3
9,1,3
10,1,3
11,1,3
12,1,3
13,1,3
14,1,3
15,3,3
16,3,4
17,8,4
18,8,5
19,9,5
20,11,5
21,13,6
22,13,7
23,13,7
24,13,7
25,14,8
26,15,8
27,15,8
28,15,8
29,16,9
30,18,9
31,19,9
32,19,10
33,19,10
34,20,10
35,20,11
36,21,11
37,21,11
38,22,11
39,24,12
40,25,12
41,26,13
42,27,13
43,28,13
44,28,14
45,29,14
46,31,15
47,32,15
48,32,16
49,32,16
50,34,17
51,37,17
52,37,18
53,37,18
54,37,18
55,38,18
56,41,19
57,42,19
58,43,20
59,43,20
60,44,20
61,44,21
62,44,21
63,46,21
64,49,22
65,50,22
66,54,23
67,56,23
68,57,24
69,58,24
70,58,24
71,58,24
72,59,25
73,61,25
74,63,26
75,63,26
76,64,27
77,65,27
78,65,28
79,65,28
80,67,28
81,68,29
82,69,30
83,71,30
84,73,31
85,73,32
86,74,32
87,75,33
88,76,33
89,79,33
90,79,34
91,82,35
92,82,35
93,82,35
94,83,36
95,83,36
96,83,36
97,84,37
98,86,37
99,88,38
100,89,39
101,89,40
102,92,40
103,95,41
104,95,42
105,95,42
106,97,42
107,99,43
108,100,44
109,100,44
110,100,44
111,100,44
112,101,44
113,102,45
114,104,45
115,104,46
116,105,46
117,105,47
118,107,47
119,107,48
120,107,48
121,109,49
122,109,49
123,110,50
124,113,51
125,114,51
126,116,51
127,118,52
128,118,52
129,120,52
130,120,52
131,120,52
132,124,54
133,124,54
134,124,54
135,124,54
136,124,54
137,126,55
138,127,55
139,127,55
140,127,56
141,127,56
142,127,56
143,127,56
144,129,57
145,132,58
146,132,58
147,133,58
148,133,59
149,134,59
150,137,59
151,137,60
