,confirmations,time
0,1,1
1,1,1
2,1,3
3,1,3
4,1,3
5,1,4
6,1,4
7,1,5
8,1,5
9,1,5
10,2,6
11,2,6
12,2,6
13,2,6
14,4,7
15,6,8
16,6,8
17,6,8
18,6,9
19,9,9
20,12,10
21,13,10
22,13,10
23,13,10
24,13,11
25,16,13
26,18,13
27,18,13
28,18,14
29,18,14
30,20,15
31,21,15
32,22,16
33,22,16
34,24,16
35,24,17
36,26,17
37,28,18
38,28,18
39,28,18
40,28,18
41,28,18
42,28,19
43,30,19
44,33,20
45,34,20
46,34,20
47,35,20
48,36,21
49,36,21
50,40,22
51,40,22
52,40,22
53,40,22
54,41,23
55,44,24
56,45,24
57,46,24
58,46,24
59,46,24
60,46,24
61,46,25
62,47,25
63,47,25
64,47,25
65,47,25
66,50,26
67,52,26
68,53,27
69,54,27
70,54,28
71,54,28
72,56,29
73,56,29
74,57,30
75,59,30
76,63,30
77,65,32
78,65,32
79,66,32
80,67,33
81,67,33
82,67,34
83,67,34
84,69,34
85,70,35
86,71,35
87,73,36
88,73,36
89,76,36
90,77,37
91,77,38
92,79,38
93,79,38
94,79,39
95,82,40
96,86,40
97,87,40
98,87,41
99,90,41
100,90,41
101,91,42
102,91,42
103,94,43
104,97,43
105,97,44
106,98,44
107,98,45
108,98,45
109,98,45
110,98,46
111,99,46
112,103,47
113,103,47
114,103,48
115,104,49
116,105,49
117,105,49
118,106,49
119,106,49
120,109,50
121,109,50
122,110,51
123,110,52
124,110,52
125,113,52
126,114,53
127,116,53
128,116,54
129,116,54
130,116,54
131,119,55
132,119,55
133,120,56
134,123,56
135,123,56
136,124,56
137,127,57
138,129,58
139,130,58
140,131,58
141,132,59
142,133,59
143,133,59
144,133,59
145,136,60
