,confirmations,time
0,1,1
1,1,1
2,1,1
3,1,2
4,1,3
5,1,3
6,1,4
7,1,4
8,1,4
9,1,5
10,1,5
11,1,5
12,1,5
13,1,5
14,1,5
15,1,5
16,1,5
17,1,5
18,1,5
19,1,5
20,1,5
21,3,6
22,8,7
23,15,9
24,15,9
25,16,10
26,17,11
27,19,11
28,20,11
29,22,12
30,23,13
31,24,14
32,25,14
33,27,16
34,27,16
35,27,16
36,27,17
37,30,17
38,30,18
39,31,18
40,31,18
41,34,19
42,36,20
43,36,20
44,36,20
45,37,21
46,39,22
47,40,22
48,40,22
49,40,23
50,42,24
51,42,24
52,44,26
53,44,26
54,46,26
55,46,27
56,49,27
57,52,28
58,52,29
59,52,29
60,52,30
61,52,31
62,57,33
63,57,33
64,59,34
65,60,35
66,61,35
67,61,36
68,62,36
69,64,38
70,65,39
71,65,39
72,67,41
73,67,41
74,68,42
75,68,43
76,69,44
77,72,44
78,72,45
79,72,45
80,73,46
81,75,48
82,75,48
83,76,49
84,76,50
85,77,50
86,79,51
87,80,51
88,80,52
89,82,52
90,82,53
91,83,54
92,85,55
93,86,55
94,88,57
95,88,58
96,88,58
97,89,59
98,90,60
99,92,61
