,confirmations,time
0,1,1
1,1,1
2,1,1
3,1,1
4,1,2
5,1,2
6,1,3
7,1,3
8,2,4
9,2,4
10,2,5
11,2,5
12,2,6
13,4,6
14,4,7
15,5,7
16,8,8
17,8,9
18,8,9
19,8,10
20,10,10
21,11,11
22,12,11
23,13,11
24,18,12
25,19,13
26,19,14
27,20,14
28,20,15
29,20,15
30,20,15
31,21,15
32,21,15
33,22,16
34,25,16
35,26,16
36,26,17
37,26,17
38,28,18
39,28,18
40,29,18
41,29,19
42,29,20
43,29,20
44,31,21
45,32,21
46,32,21
47,33,22
48,36,22
49,36,22
50,37,22
51,38,22
52,39,23
53,41,24
54,41,24
55,42,24
56,42,25
57,42,25
58,42,25
59,42,25
60,43,26
61,44,26
62,45,26
63,47,27
64,47,27
65,51,27
66,53,27
67,54,28
68,54,28
69,54,28
70,54,28
71,54,29
72,54,29
73,55,29
74,55,30
75,57,30
76,57,30
77,60,30
78,61,31
79,61,31
80,63,32
81,65,32
82,65,32
83,65,33
84,66,34
85,67,34
86,68,34
87,69,35
88,71,36
89,73,37
90,78,37
91,79,37
92,79,37
93,83,38
94,84,38
95,84,39
96,85,39
97,85,39
98,86,39
99,88,40
100,88,40
101,88,41
102,88,41
103,90,41
104,91,42
105,93,42
106,93,42
107,97,43
108,99,43
109,100,44
110,101,45
111,101,45
112,102,45
113,104,46
114,104,46
115,105,47
116,106,47
117,106,47
118,108,48
119,110,48
120,110,48
121,112,49
122,112,49
123,112,49
124,113,50
125,113,50
126,113,50
127,115,50
128,116,51
129,117,52
130,118,52
131,119,52
132,119,52
133,119,53
134,119,53
135,119,53
136,121,53
137,122,54
138,123,54
139,123,54
140,125,55
141,128,55
142,131,56
143,131,56
144,131,56
145,131,56
146,132,57
147,133,57
148,133,57
149,135,57
150,135,57
151,135,58
152,137,59
153,138,59
154,138,59
155,142,59
156,143,60
157,143,60
