,confirmations,time
0,1,1
1,1,2
2,1,2
3,1,2
4,1,2
5,1,2
6,1,2
7,1,2
8,1,3
9,1,3
10,1,3
11,1,3
12,1,3
13,1,3
14,1,3
15,1,3
16,1,3
17,2,3
18,3,4
19,3,4
20,3,4
21,3,5
22,3,5
23,3,6
24,6,6
25,6,6
26,6,7
27,6,7
28,9,7
29,10,8
30,12,8
31,12,8
32,12,9
33,13,10
34,15,11
35,18,11
36,21,11
37,24,13
38,27,13
39,28,14
40,29,14
41,29,14
42,31,15
43,31,16
44,35,16
45,36,17
46,36,17
47,37,17
48,37,18
49,40,18
50,40,19
51,42,19
52,44,21
53,44,21
54,44,21
55,46,22
56,48,23
57,51,24
58,51,24
59,51,24
60,51,24
61,51,24
62,52,25
63,52,25
64,55,27
65,55,27
66,55,28
67,55,28
68,60,29
69,60,29
70,62,30
71,63,30
72,63,30
73,63,30
74,64,31
75,64,31
76,64,31
77,67,31
78,68,32
79,71,33
80,71,33
81,71,33
82,71,33
83,71,34
84,72,34
85,73,35
86,74,35
87,75,36
88,75,36
89,77,36
90,79,36
91,79,37
92,79,37
93,80,37
94,81,38
95,82,38
96,82,38
97,85,39
98,86,39
99,88,40
100,89,40
101,90,41
102,90,41
103,91,41
104,93,42
105,93,42
106,94,43
107,95,43
108,96,44
109,99,45
110,100,45
111,100,45
112,100,46
113,102,47
114,105,47
115,106,47
116,107,48
117,108,48
118,110,49
119,111,49
120,112,49
121,113,49
122,113,50
123,113,50
124,113,50
125,113,50
126,115,50
127,115,51
128,115,52
129,115,52
130,117,52
131,117,52
132,118,53
133,119,54
134,119,54
135,120,54
136,120,55
137,124,55
138,124,55
139,125,55
140,126,56
141,126,56
142,127,57
143,129,57
144,131,58
145,134,58
146,134,58
147,134,58
148,134,58
149,134,59
150,135,59
151,138,59
152,138,60
153,138,60
154,139,60
155,140,61
