,confirmations,time
0,1,1
1,1,1
2,1,1
3,1,1
4,1,2
5,1,2
6,1,2
7,1,2
8,1,2
9,1,3
10,1,3
11,1,3
12,1,3
13,1,3
14,1,3
15,3,3
16,3,4
17,7,4
18,7,5
19,10,5
20,10,5
21,10,5
22,10,6
23,12,7
24,12,7
25,12,7
26,14,7
27,17,8
28,18,8
29,18,8
30,20,9
31,20,9
32,20,9
33,20,10
34,20,10
35,20,10
36,21,10
37,21,10
38,22,11
39,22,12
40,24,12
41,25,12
42,27,12
43,29,13
44,31,13
45,32,14
46,32,14
47,32,14
48,32,14
49,33,15
50,33,15
51,34,16
52,37,16
53,40,16
54,40,16
55,40,17
56,41,17
57,42,17
58,43,17
59,45,18
60,48,19
61,48,19
62,48,20
63,50,20
64,50,20
65,50,20
66,50,20
67,51,21
68,52,21
69,53,21
70,55,21
71,55,21
72,56,22
73,57,22
74,59,23
75,59,23
76,60,23
77,60,23
78,60,24
79,62,24
80,64,24
81,64,24
82,64,25
83,64,25
84,65,25
85,69,26
86,71,26
87,74,26
88,74,27
89,74,27
90,76,27
91,76,28
92,76,28
93,76,28
94,77,29
95,78,29
96,80,30
97,81,30
98,82,30
99,83,31
100,84,32
101,85,32
102,87,33
103,87,33
104,87,33
105,88,33
106,88,34
107,89,34
108,90,35
109,91,35
110,92,36
111,95,36
112,99,37
113,99,37
114,100,38
115,101,39
116,105,39
117,106,40
118,107,40
119,107,41
120,107,41
121,109,41
122,111,41
123,113,42
124,113,42
125,114,43
126,115,43
127,115,44
128,116,44
129,117,45
130,119,45
131,121,46
132,121,46
133,121,46
134,123,47
135,125,47
136,126,47
137,127,48
138,127,48
139,128,48
140,131,49
141,132,50
142,133,50
143,133,52
144,134,52
145,134,53
146,134,53
147,134,53
148,138,54
149,139,54
150,140,55
151,140,56
152,141,56
153,141,57
154,141,57
155,144,58
156,146,58
157,148,59
158,148,59
159,149,60
160,151,60
