,confirmations,time
0,1,1
1,1,1
2,1,1
3,1,1
4,1,1
5,1,1
6,1,2
7,1,2
8,1,2
9,1,2
10,2,3
11,2,3
12,2,3
13,2,3
14,2,3
15,2,3
16,2,4
17,4,4
18,4,5
19,4,5
20,9,6
21,9,7
22,9,7
23,12,8
24,13,9
25,17,10
26,18,10
27,18,11
28,20,11
29,21,12
30,23,12
31,25,13
32,25,13
33,25,14
34,27,14
35,27,15
36,27,15
37,29,16
38,30,17
39,31,17
40,31,17
41,33,18
42,34,19
43,38,19
44,38,20
45,38,20
46,41,22
47,41,23
48,43,24
49,44,24
50,44,25
51,46,26
52,46,26
53,48,27
54,48,27
55,48,28
56,49,28
57,50,29
58,51,31
59,51,31
60,51,31
61,54,32
62,54,34
63,54,35
64,55,35
65,55,36
66,56,36
67,56,36
68,57,36
69,60,37
70,61,37
71,63,38
72,63,39
73,63,40
74,63,40
75,63,40
76,63,41
77,63,42
78,66,42
79,69,43
80,69,44
81,69,44
82,69,45
83,70,45
84,72,46
85,73,46
86,73,47
87,75,48
88,77,49
89,77,49
90,78,50
91,78,51
92,80,51
93,80,52
94,83,52
95,84,52
96,84,53
97,87,54
98,87,54
99,87,55
100,88,56
101,89,57
102,90,57
103,91,57
104,92,58
105,94,59
106,96,59
107,97,60
