,confirmations,time
0,1,1
1,1,1
2,1,1
3,1,1
4,1,2
5,1,2
6,1,3
7,1,3
8,1,3
9,1,4
10,2,4
11,2,4
12,2,4
13,2,4
14,2,5
15,5,5
16,6,5
17,8,6
18,8,6
19,8,6
20,8,7
21,9,8
22,9,8
23,9,9
24,9,9
25,12,10
26,15,10
27,17,11
28,19,11
29,20,11
30,20,12
31,22,12
32,22,12
33,23,13
34,24,13
35,26,13
36,26,13
37,26,14
38,26,14
39,27,14
40,27,14
41,28,14
42,28,15
43,30,15
44,30,15
45,32,16
46,33,18
47,34,18
48,35,18
49,36,19
50,36,19
51,36,19
52,38,20
53,39,20
54,39,20
55,41,21
56,41,21
57,42,21
58,42,22
59,46,23
60,49,23
61,49,23
62,51,23
63,51,24
64,52,25
65,53,25
66,54,25
67,55,25
68,55,26
69,57,26
70,58,27
71,59,27
72,60,27
73,61,28
74,61,28
75,61,29
76,61,29
77,62,29
78,63,29
79,65,30
80,67,30
81,68,31
82,69,31
83,70,31
84,73,32
85,74,32
86,75,33
87,75,33
88,77,33
89,78,34
90,78,34
91,79,34
92,79,35
93,79,35
94,80,36
95,84,36
96,84,36
97,85,36
98,85,37
99,87,37
100,88,38
101,88,38
102,88,38
103,89,38
104,89,39
105,89,39
106,91,40
107,91,40
108,91,40
109,92,40
110,93,41
111,96,42
112,99,42
113,100,43
114,101,43
115,101,44
116,102,44
117,104,44
118,104,45
119,105,45
120,107,46
121,109,46
122,109,46
123,110,47
124,112,48
125,113,48
126,114,48
127,116,49
128,118,49
129,119,50
130,119,50
131,121,50
132,121,50
133,122,51
134,122,51
135,123,52
136,123,52
137,123,53
138,123,53
139,123,53
140,123,53
141,126,53
142,126,54
143,126,54
144,128,54
145,129,54
146,130,55
147,130,55
148,130,56
149,130,56
150,133,57
151,135,57
152,135,58
153,137,58
154,137,59
155,140,59
156,140,60
157,141,60
