,confirmations,time
0,1,1
1,1,1
2,1,2
3,1,2
4,1,2
5,1,3
6,1,3
7,1,3
8,1,3
9,1,3
10,1,4
11,1,4
12,2,4
13,6,5
14,7,5
15,8,6
16,8,7
17,9,7
18,9,8
19,10,9
20,10,9
21,10,10
22,13,10
23,15,11
24,16,11
25,17,11
26,18,13
27,18,13
28,18,14
29,19,14
30,20,15
31,22,16
32,23,17
33,23,18
34,27,19
35,28,20
36,29,20
37,31,23
38,31,23
39,31,23
40,32,24
41,33,24
42,34,24
43,35,25
44,35,25
45,36,26
46,36,26
47,37,27
48,37,27
49,37,28
50,38,28
51,40,29
52,41,29
53,42,30
54,42,31
55,44,33
56,46,33
57,48,35
58,48,35
59,49,36
60,49,36
61,50,37
62,52,38
63,54,39
64,55,39
65,56,40
66,58,43
67,60,44
68,60,44
69,60,45
70,60,45
71,62,47
72,65,47
73,65,47
74,66,47
75,66,47
76,66,47
77,68,48
78,70,49
79,70,50
80,70,50
81,71,50
82,71,51
83,73,52
84,73,52
85,75,53
86,78,54
87,79,55
88,79,56
89,81,56
90,82,57
91,84,58
92,85,58
93,88,59
94,88,60
