,confirmations,time
0,1,1
1,1,1
2,1,1
3,1,2
4,1,2
5,1,2
6,1,2
7,1,2
8,1,2
9,1,3
10,1,3
11,1,3
12,1,3
13,1,3
14,1,3
15,1,3
16,1,3
17,1,3
18,1,3
19,1,4
20,1,4
21,1,4
22,2,5
23,2,5
24,2,6
25,3,7
26,3,7
27,4,8
28,4,8
29,4,9
30,4,9
31,5,9
32,9,10
33,9,10
34,10,10
35,13,11
36,13,11
37,14,11
38,16,11
39,17,12
40,19,13
41,22,13
42,23,13
43,24,14
44,26,15
45,26,15
46,26,15
47,27,15
48,27,16
49,29,16
50,30,16
51,31,16
52,31,16
53,32,17
54,32,17
55,33,17
56,36,18
57,37,18
58,39,19
59,39,19
60,40,20
61,42,20
62,46,21
63,46,21
64,46,21
65,46,21
66,47,21
67,48,22
68,48,22
69,53,22
70,54,23
71,54,23
72,56,23
73,58,24
74,59,25
75,60,25
76,61,26
77,62,27
78,65,28
79,66,28
80,67,28
81,67,29
82,68,29
83,69,29
84,70,30
85,73,30
86,74,30
87,74,31
88,75,31
89,78,31
90,78,32
91,79,32
92,79,32
93,79,32
94,80,32
95,80,33
96,80,33
97,80,34
98,83,34
99,87,35
100,87,35
101,89,36
102,89,36
103,90,36
104,91,37
105,91,37
106,91,38
107,91,39
108,93,39
109,96,39
110,96,39
111,97,40
112,98,40
113,100,41
114,100,41
115,102,42
116,105,42
117,106,42
118,106,43
119,107,43
120,107,44
121,108,44
122,109,45
123,110,46
124,111,46
125,113,47
126,115,48
127,117,48
128,117,49
129,117,49
130,118,49
131,119,50
132,121,51
133,122,51
134,123,52
135,124,52
136,125,52
137,125,53
138,127,55
139,127,55
140,129,55
141,131,56
142,131,56
143,134,56
144,135,57
145,135,57
146,136,58
147,136,58
148,138,59
149,138,59
150,140,60
151,141,61
