,confirmations,time
0,1,1
1,1,1
2,1,2
3,1,2
4,1,2
5,1,2
6,1,2
7,1,3
8,1,3
9,1,3
10,2,3
11,2,3
12,2,3
13,2,4
14,2,4
15,2,4
16,2,4
17,6,5
18,6,5
19,7,6
20,8,6
21,9,6
22,9,7
23,12,7
24,14,7
25,15,8
26,15,9
27,15,9
28,17,9
29,18,10
30,21,11
31,21,11
32,21,11
33,21,12
34,21,12
35,22,12
36,22,13
37,22,14
38,23,14
39,25,14
40,26,14
41,28,14
42,30,15
43,30,15
44,32,15
45,34,16
46,34,16
47,34,16
48,36,17
49,37,18
50,37,18
51,37,18
52,39,19
53,39,19
54,40,20
55,40,20
56,40,20
57,40,20
58,40,20
59,42,21
60,43,22
61,43,23
62,43,23
63,44,23
64,49,24
65,49,24
66,50,24
67,51,25
68,54,25
69,54,26
70,58,26
71,58,26
72,58,27
73,58,27
74,59,27
75,60,27
76,60,27
77,61,28
78,63,28
79,64,29
80,64,29
81,66,29
82,66,30
83,66,30
84,67,30
85,67,30
86,67,31
87,67,31
88,67,32
89,68,32
90,71,33
91,73,33
92,74,33
93,74,34
94,76,34
95,76,34
96,76,34
97,79,35
98,79,35
99,80,36
100,81,36
101,83,36
102,84,37
103,86,37
104,87,37
105,87,37
106,89,38
107,91,38
108,94,39
109,95,39
110,96,39
111,96,39
112,96,40
113,97,40
114,99,41
115,101,42
116,102,42
117,103,43
118,104,43
119,105,43
120,105,44
121,105,44
122,109,45
123,111,45
124,112,45
125,114,45
126,114,45
127,114,46
128,114,47
129,115,47
130,117,48
131,118,48
132,119,49
133,119,49
134,121,49
135,121,50
136,121,50
137,122,50
138,123,50
139,123,51
140,124,51
141,124,51
142,124,52
143,124,52
144,126,52
145,129,53
146,129,53
147,130,53
148,131,53
149,133,54
150,134,54
151,137,55
152,139,55
153,139,55
154,139,56
155,140,56
156,142,57
157,142,57
158,142,57
159,142,57
160,142,58
161,142,58
162,144,58
163,146,59
164,146,59
165,147,59
166,151,61
