,confirmations,time
0,1,1
1,1,1
2,1,1
3,1,2
4,1,3
5,1,3
6,1,4
7,1,4
8,1,4
9,1,4
10,1,4
11,3,5
12,3,5
13,4,5
14,6,5
15,6,6
16,7,6
17,7,6
18,7,7
19,7,7
20,7,7
21,7,8
22,7,9
23,7,9
24,9,10
25,11,10
26,11,10
27,11,10
28,13,11
29,15,12
30,19,12
31,21,13
32,21,13
33,21,13
34,21,14
35,23,14
36,24,14
37,24,15
38,26,15
39,27,15
40,30,16
41,32,16
42,32,16
43,33,17
44,33,17
45,33,17
46,33,18
47,35,18
48,39,19
49,40,20
50,40,20
51,41,20
52,41,20
53,41,21
54,42,21
55,45,22
56,46,23
57,46,23
58,46,23
59,46,24
60,46,24
61,49,25
62,50,25
63,50,25
64,50,25
65,50,25
66,53,25
67,54,25
68,55,26
69,55,26
70,56,27
71,57,27
72,59,27
73,59,27
74,59,28
75,60,28
76,60,28
77,60,28
78,60,28
79,60,29
80,60,29
81,60,29
82,66,30
83,69,30
84,69,30
85,69,31
86,71,31
87,71,31
88,71,31
89,72,32
90,73,32
91,73,33
92,74,33
93,75,33
94,75,34
95,75,34
96,79,34
97,79,35
98,80,35
99,81,35
100,84,36
101,84,36
102,84,36
103,87,37
104,92,38
105,94,38
106,95,38
107,95,38
108,95,39
109,95,39
110,96,39
111,96,39
112,96,39
113,97,40
114,99,40
115,100,40
116,101,40
117,102,41
118,103,41
119,103,41
120,103,41
121,105,42
122,106,42
123,106,42
124,107,43
125,107,43
126,108,43
127,108,43
128,110,44
129,110,44
130,111,44
131,111,45
132,113,45
133,114,45
134,115,47
135,115,47
136,116,48
137,116,48
138,117,48
139,117,48
140,119,49
141,121,50
142,124,50
143,125,50
144,126,51
145,128,51
146,130,52
147,131,52
148,132,53
149,132,53
150,132,53
151,133,53
152,134,54
153,135,55
154,139,55
155,141,56
156,142,57
157,144,57
158,146,57
159,147,58
160,148,58
161,149,58
162,151,59
163,155,60
164,155,60
165,155,60
