,confirmations,time
0,1,1
1,1,1
2,1,2
3,1,2
4,1,3
5,1,3
6,1,3
7,1,4
8,1,4
9,1,4
10,1,5
11,1,5
12,1,5
13,3,5
14,4,6
15,4,6
16,7,6
17,7,6
18,7,6
19,7,7
20,8,7
21,8,7
22,8,7
23,8,8
24,11,8
25,11,8
26,13,9
27,15,9
28,15,9
29,15,10
30,16,10
31,19,11
32,22,12
33,22,12
34,22,13
35,23,13
36,25,14
37,25,14
38,27,15
39,28,15
40,28,15
41,30,15
42,30,16
43,32,16
44,32,16
45,35,17
46,35,17
47,35,18
48,37,18
49,37,19
50,38,19
51,38,20
52,42,20
53,42,20
54,42,21
55,42,21
56,43,22
57,43,23
58,43,23
59,43,23
60,43,25
61,45,25
62,47,26
63,51,26
64,53,27
65,56,27
66,58,27
67,59,28
68,59,28
69,61,29
70,62,29
71,63,30
72,64,31
73,66,31
74,67,31
75,69,32
76,70,33
77,71,33
78,71,34
79,71,34
80,72,34
81,73,35
82,74,35
83,74,35
84,74,36
85,75,37
86,76,38
87,78,39
88,78,39
89,79,39
90,79,39
91,80,40
92,82,41
93,83,41
94,83,41
95,83,41
96,84,42
97,87,42
98,87,42
99,87,43
100,88,45
101,89,45
102,89,46
103,90,46
104,91,47
105,92,47
106,92,47
107,92,47
108,93,47
109,93,48
110,96,48
111,96,49
112,98,49
113,99,49
114,100,50
115,100,50
116,106,51
117,106,51
118,108,52
119,109,52
120,110,52
121,110,53
122,111,53
123,111,54
124,113,54
125,115,55
126,117,56
127,118,57
128,120,57
129,121,58
130,123,59
131,124,59
132,124,60
133,124,60
134,124,60
