,confirmations,time
0,1,1
1,1,1
2,1,2
3,1,2
4,1,2
5,1,3
6,1,3
7,1,3
8,1,4
9,1,5
10,2,5
11,2,6
12,4,6
13,5,6
14,5,6
15,5,7
16,5,7
17,5,7
18,7,8
19,11,8
20,11,8
21,11,9
22,11,9
23,11,9
24,12,10
25,14,10
26,14,11
27,17,11
28,17,11
29,18,11
30,18,12
31,19,12
32,19,12
33,22,13
34,23,13
35,23,14
36,23,14
37,24,15
38,26,15
39,26,16
40,29,17
41,29,17
42,31,17
43,32,18
44,32,18
45,33,18
46,34,18
47,36,18
48,37,19
49,38,19
50,38,20
51,40,20
52,42,20
53,42,20
54,42,21
55,43,21
56,43,22
57,44,22
58,46,22
59,48,22
60,48,24
61,49,24
62,49,24
63,49,25
64,49,25
65,49,25
66,49,26
67,52,26
68,53,26
69,55,27
70,56,27
71,56,27
72,56,28
73,58,28
74,58,28
75,63,29
76,63,29
77,64,29
78,64,29
79,65,30
80,65,30
81,67,30
82,68,30
83,68,30
84,71,31
85,71,31
86,72,32
87,73,32
88,73,32
89,74,32
90,74,32
91,74,33
92,75,33
93,75,34
94,76,34
95,78,34
96,80,35
97,84,35
98,85,36
99,85,37
100,86,37
101,86,38
102,86,38
103,87,39
104,88,40
105,91,41
106,91,41
107,93,41
108,94,42
109,94,42
110,94,42
111,95,43
112,98,43
113,99,43
114,99,44
115,100,44
116,102,44
117,103,45
118,105,45
119,107,45
120,109,46
121,110,47
122,110,48
123,110,48
124,110,49
125,113,50
126,115,50
127,115,50
128,116,50
129,118,51
130,120,51
131,122,52
132,123,52
133,123,53
134,123,53
135,126,53
136,127,55
137,127,55
138,128,55
139,129,55
140,129,55
141,129,56
142,130,56
143,130,56
144,131,56
145,133,57
146,133,57
147,135,58
148,135,58
149,136,59
150,136,59
151,137,59
152,137,60
153,138,60
