,confirmations,time
0,1,1
1,1,2
2,1,3
3,1,3
4,1,3
5,1,3
6,1,5
7,1,6
8,1,7
9,1,7
10,1,7
11,1,7
12,1,7
13,1,7
14,1,7
15,1,7
16,1,7
17,1,7
18,1,7
19,1,7
20,1,7
21,1,7
22,1,7
23,1,7
24,1,7
25,1,7
26,1,7
27,1,7
28,1,7
29,1,7
30,11,9
31,21,9
32,24,9
33,25,10
34,29,11
35,29,11
36,29,12
37,29,12
38,29,12
39,31,14
40,32,15
41,32,15
42,34,16
43,37,18
44,37,19
45,38,20
46,40,21
47,41,21
48,41,22
49,43,23
50,43,25
51,44,25
52,45,26
53,45,27
54,45,27
55,45,28
56,48,30
57,48,31
58,51,31
59,51,32
60,51,32
61,51,33
62,52,34
63,56,34
64,56,34
65,56,35
66,59,36
67,59,37
68,60,38
69,60,39
70,60,39
71,62,40
72,62,41
73,64,41
74,64,42
75,64,42
76,66,43
77,67,43
78,69,44
79,70,46
80,73,48
81,73,49
82,75,50
83,76,51
84,76,52
85,78,53
86,78,53
87,80,53
88,82,54
89,83,55
90,84,55
91,84,56
92,84,56
93,87,57
94,87,57
95,87,58
96,89,58
97,89,59
98,90,60
