,confirmations,time
0,1,1
1,1,1
2,1,1
3,1,1
4,1,2
5,1,2
6,1,2
7,1,2
8,1,3
9,1,3
10,1,4
11,1,4
12,1,4
13,1,4
14,1,4
15,1,5
16,4,6
17,6,6
18,6,6
19,6,6
20,9,7
21,9,7
22,10,7
23,10,8
24,12,9
25,12,9
26,14,10
27,14,10
28,14,12
29,16,12
30,16,13
31,17,13
32,17,13
33,17,14
34,17,14
35,17,14
36,19,15
37,21,16
38,24,16
39,24,17
40,24,17
41,24,17
42,24,18
43,27,18
44,29,19
45,32,20
46,36,22
47,36,23
48,37,24
49,38,24
50,38,25
51,39,25
52,40,26
53,44,27
54,44,28
55,44,29
56,46,30
57,46,30
58,47,31
59,48,32
60,49,32
61,49,32
62,50,33
63,52,33
64,55,35
65,55,36
66,55,37
67,58,38
68,58,38
69,59,40
70,59,41
71,60,41
72,61,42
73,62,42
74,62,43
75,62,44
76,65,44
77,67,45
78,67,45
79,68,48
80,70,49
81,70,50
82,70,50
83,72,50
84,72,51
85,77,52
86,77,53
87,77,53
88,77,55
89,77,56
90,81,57
91,81,58
92,83,58
93,85,60
