,confirmations,time
0,1,1
1,1,2
2,1,3
3,1,4
4,1,4
5,1,4
6,1,4
7,1,5
8,1,5
9,1,5
10,1,5
11,1,5
12,1,5
13,1,5
14,1,5
15,1,5
16,1,5
17,1,5
18,1,5
19,1,5
20,10,7
21,13,7
22,13,8
23,14,8
24,14,8
25,17,10
26,17,10
27,18,11
28,19,11
29,20,12
30,20,13
31,20,13
32,23,13
33,23,14
34,25,14
35,27,15
36,27,15
37,29,16
38,29,16
39,29,16
40,30,17
41,31,18
42,31,18
43,33,19
44,33,19
45,33,19
46,33,20
47,34,21
48,36,22
49,36,22
50,38,23
51,40,23
52,41,23
53,42,24
54,44,25
55,44,25
56,44,25
57,46,27
58,49,28
59,50,28
60,51,29
61,51,29
62,51,29
63,52,29
64,53,30
65,56,31
66,57,32
67,60,33
68,61,34
69,63,34
70,65,36
71,67,37
72,68,38
73,68,40
74,68,40
75,68,40
76,72,41
77,72,42
78,72,42
79,73,43
80,73,43
81,75,44
82,76,45
83,76,45
84,76,45
85,76,46
86,77,47
87,78,47
88,78,47
89,81,48
90,81,48
91,83,50
92,83,51
93,84,51
94,87,52
95,90,53
96,90,54
97,92,55
98,92,56
99,92,57
100,92,57
101,96,59
102,96,59
103,96,60
104,97,61
