,confirmations,time
0,1,1
1,1,1
2,1,2
3,1,2
4,1,2
5,1,3
6,1,3
7,1,3
8,1,4
9,1,4
10,1,4
11,1,4
12,1,4
13,1,4
14,1,4
15,1,4
16,1,4
17,1,4
18,1,4
19,1,4
20,1,4
21,1,4
22,1,4
23,1,4
24,1,4
25,1,4
26,1,4
27,1,4
28,1,4
29,1,4
30,12,5
31,12,6
32,17,6
33,17,7
34,18,7
35,19,7
36,20,8
37,23,8
38,26,9
39,26,9
40,26,9
41,26,9
42,26,10
43,30,10
44,31,11
45,32,12
46,32,12
47,32,12
48,32,12
49,32,13
50,33,13
51,37,14
52,42,15
53,42,15
54,42,16
55,42,16
56,42,16
57,42,17
58,43,17
59,46,18
60,46,18
61,49,19
62,50,20
63,51,21
64,51,21
65,51,22
66,53,22
67,53,23
68,55,24
69,56,24
70,57,25
71,57,26
72,59,26
73,60,26
74,64,27
75,64,28
76,65,30
77,68,30
78,69,31
79,70,31
80,72,32
81,73,33
82,74,33
83,75,34
84,75,34
85,76,34
86,76,35
87,78,36
88,79,36
89,80,37
90,80,37
91,81,37
92,81,37
93,84,38
94,85,39
95,86,40
96,86,41
97,87,42
98,87,44
99,87,44
100,88,45
101,89,45
102,90,46
103,90,46
104,93,48
105,96,49
106,98,50
107,98,50
108,101,51
109,102,52
110,102,52
111,103,53
112,103,56
113,105,57
114,107,60
115,107,60
