,confirmations,time
0,1,1
1,1,1
2,1,2
3,1,2
4,1,2
5,1,4
6,1,4
7,1,4
8,3,5
9,3,5
10,4,5
11,4,6
12,6,7
13,6,7
14,8,7
15,10,8
16,11,9
17,11,9
18,14,10
19,14,11
20,15,12
21,15,13
22,16,13
23,16,13
24,17,14
25,20,15
26,20,15
27,20,16
28,20,16
29,21,17
30,22,17
31,23,18
32,23,18
33,24,18
34,24,19
35,27,21
36,28,22
37,29,22
38,30,23
39,34,24
40,35,24
41,35,25
42,35,25
43,36,26
44,39,26
45,39,26
46,40,27
47,41,28
48,43,29
49,43,29
50,44,31
51,45,31
52,45,31
53,46,32
54,48,34
55,48,34
56,48,34
57,48,35
58,48,35
59,51,36
60,51,36
61,52,36
62,52,37
63,52,37
64,52,38
65,53,38
66,56,39
67,58,41
68,58,41
69,58,41
70,58,42
71,59,42
72,60,42
73,62,43
74,63,43
75,65,43
76,66,44
77,68,45
78,69,45
79,69,46
80,69,46
81,71,47
82,71,48
83,75,48
84,76,48
85,76,49
86,76,50
87,77,50
88,78,51
89,81,52
90,82,53
91,84,53
92,84,54
93,87,55
94,88,56
95,88,56
96,88,56
97,91,59
98,92,59
99,92,60
100,93,61
