,confirmations,time
0,1,1
1,1,1
2,1,2
3,1,2
4,1,2
5,1,3
6,1,3
7,1,3
8,1,3
9,1,3
10,1,3
11,1,3
12,1,3
13,1,3
14,1,3
15,1,3
16,1,4
17,1,4
18,1,4
19,1,4
20,1,5
21,2,5
22,2,5
23,2,6
24,2,6
25,2,6
26,5,7
27,8,8
28,8,8
29,11,8
30,12,9
31,12,9
32,13,9
33,13,10
34,13,10
35,14,10
36,14,11
37,17,12
38,19,12
39,19,12
40,19,13
41,19,13
42,19,13
43,21,13
44,21,13
45,21,14
46,22,14
47,25,14
48,25,14
49,25,15
50,27,15
51,28,16
52,28,16
53,29,17
54,30,17
55,30,18
56,31,18
57,32,19
58,36,19
59,36,20
60,36,20
61,36,20
62,36,20
63,36,21
64,39,21
65,39,21
66,41,22
67,43,22
68,47,23
69,48,23
70,50,24
71,50,24
72,52,25
73,53,25
74,54,25
75,57,25
76,57,25
77,58,26
78,59,26
79,59,27
80,62,27
81,63,27
82,66,29
83,66,29
84,66,30
85,67,30
86,68,31
87,69,31
88,71,32
89,71,32
90,71,33
91,74,33
92,74,33
93,75,34
94,76,34
95,77,34
96,78,35
97,79,35
98,81,35
99,84,36
100,85,36
101,86,37
102,86,37
103,86,37
104,90,38
105,93,38
106,94,39
107,95,39
108,95,39
109,95,40
110,97,40
111,99,41
112,101,41
113,101,42
114,101,42
115,101,42
116,101,42
117,103,43
118,103,43
119,104,43
120,105,44
121,105,45
122,106,46
123,107,46
124,107,47
125,110,48
126,111,48
127,112,49
128,115,50
129,118,50
130,118,50
131,119,51
132,120,51
133,121,52
134,123,52
135,123,52
136,124,53
137,124,53
138,126,54
139,126,54
140,126,54
141,127,55
142,127,55
143,127,56
144,131,56
145,131,57
146,131,58
147,131,59
148,134,59
149,134,59
150,134,60
151,135,61
