,confirmations,time
0,1,1
1,1,1
2,1,2
3,1,2
4,1,2
5,1,3
6,1,3
7,1,3
8,1,4
9,1,4
10,1,4
11,2,4
12,2,5
13,2,5
14,2,5
15,2,5
16,2,6
17,7,6
18,8,7
19,10,8
20,10,8
21,10,9
22,12,10
23,14,10
24,15,11
25,16,11
26,19,12
27,21,13
28,21,13
29,21,14
30,22,14
31,24,15
32,25,15
33,27,15
34,27,16
35,27,16
36,27,17
37,27,17
38,28,18
39,29,19
40,31,19
41,32,20
42,33,20
43,33,20
44,33,21
45,34,21
46,36,22
47,40,23
48,40,24
49,40,25
50,41,25
51,42,27
52,44,27
53,47,28
54,49,28
55,51,30
56,51,30
57,51,33
58,52,34
59,53,34
60,55,36
61,55,37
62,57,37
63,57,38
64,60,39
65,60,40
66,61,41
67,61,41
68,62,42
69,63,43
70,63,44
71,63,45
72,64,45
73,65,45
74,66,46
75,68,47
76,68,47
77,68,47
78,69,48
79,72,48
80,73,49
81,73,50
82,75,50
83,75,50
84,75,51
85,75,52
86,77,53
87,77,53
88,78,53
89,79,54
90,83,55
91,84,55
92,84,55
93,85,56
94,86,57
95,86,57
96,90,59
97,91,59
98,91,59
99,93,61
