,0,1,2
0,1,1.0,198
1,2,1.0,239
2,3,1.0121951219512195,246
3,4,1.3400809716599191,247
4,5,2.0843373493975905,249
5,6,3.5682656826568264,271
6,7,5.645299145299146,234
7,8,7.673003802281369,263
8,9,9.576470588235294,255
9,10,11.887931034482758,232
10,11,13.88888888888889,243
11,12,16.268595041322314,242
12,13,18.271653543307085,254
13,14,20.389558232931726,249
14,15,22.894736842105264,247
15,16,25.582375478927204,261
16,17,27.962809917355372,242
17,18,30.396825396825395,252
18,19,32.423529411764704,255
19,20,35.84496124031008,258
20,21,37.72692307692308,260
21,22,40.6,245
22,23,42.545081967213115,244
23,24,44.65758754863813,257
24,25,47.87313432835821,268
25,26,49.98479087452471,263
26,27,53.074074074074076,270
27,28,55.61454545454546,275
28,29,58.917647058823526,255
29,30,60.62921348314607,267
30,31,63.229885057471265,261
31,32,65.90254237288136,236
32,33,68.34453781512605,238
33,34,70.0079365079365,252
34,35,73.1260162601626,246
35,36,75.559670781893,243
36,37,78.40434782608696,230
37,38,80.94957983193277,238
38,39,83.63358778625954,262
39,40,85.38461538461539,260
40,41,88.20866141732283,254
41,42,90.47773279352226,247
42,43,93.75744680851064,235
43,44,95.43824701195219,251
44,45,97.78625954198473,262
45,46,100.29718875502007,249
46,47,103.59514170040485,247
47,48,104.6962962962963,270
48,49,107.55274261603375,237
49,50,110.1900826446281,242
50,51,112.56485355648536,239
51,52,114.8326359832636,239
52,53,116.57254901960785,255
53,54,119.91810344827586,232
54,55,122.26937269372694,271
55,56,125.49596774193549,248
56,57,128.23228346456693,254
57,58,130.49771689497717,219
58,59,131.90114068441065,263
59,60,134.3127962085308,211
60,61,138.86666666666667,15
