,0,1,2
0,1,1.0,236
1,2,1.0,312
2,3,1.019672131147541,305
3,4,1.3240740740740742,324
4,5,2.792387543252595,289
5,6,5.203174603174603,315
6,7,8.068181818181818,308
7,8,11.26551724137931,290
8,9,14.249056603773585,265
9,10,17.404,250
10,11,20.70048309178744,207
11,12,22.98876404494382,178
12,13,25.219354838709677,155
13,14,27.59235668789809,157
14,15,28.38064516129032,155
15,16,29.872340425531913,141
16,17,31.81437125748503,167
17,18,32.81428571428572,140
18,19,34.1437908496732,153
19,20,35.46835443037975,158
20,21,37.193333333333335,150
21,22,37.80821917808219,146
22,23,39.646153846153844,130
23,24,40.97315436241611,149
24,25,42.39354838709677,155
25,26,44.72142857142857,140
26,27,45.57931034482758,145
27,28,47.63309352517986,139
28,29,48.44375,160
29,30,50.19496855345912,159
30,31,51.602409638554214,166
31,32,53.08552631578947,152
32,33,54.863013698630134,146
33,34,56.30821917808219,146
34,35,57.35761589403973,151
35,36,58.598765432098766,162
36,37,60.18354430379747,158
37,38,61.886792452830186,159
38,39,63.241379310344826,145
39,40,65.26751592356688,157
40,41,66.22435897435898,156
41,42,67.59602649006622,151
42,43,70.17088607594937,158
43,44,71.22875816993464,153
44,45,72.22641509433963,159
45,46,74.83522727272727,176
46,47,75.91156462585035,147
47,48,77.61654135338345,133
48,49,79.8943661971831,142
49,50,80.09740259740259,154
50,51,81.77124183006536,153
51,52,83.29268292682927,164
52,53,85.29729729729729,148
53,54,86.04109589041096,146
54,55,87.26623376623377,154
55,56,89.83552631578948,152
56,57,90.95302013422818,149
57,58,92.56213017751479,169
58,59,94.03048780487805,164
59,60,95.47552447552448,143
60,61,98.39473684210526,38
61,62,98.75,4
