,0,1,2
0,1,1.0,143
1,2,1.0,97
2,3,1.0,108
3,4,1.0,92
4,5,1.064516129032258,93
5,6,1.280701754385965,114
6,7,1.7570093457943925,107
7,8,1.8839285714285714,112
8,9,2.3157894736842106,95
9,10,3.967032967032967,91
10,11,4.228260869565218,92
11,12,4.37037037037037,81
12,13,5.010309278350515,97
13,14,5.652777777777778,72
14,15,6.583333333333333,72
15,16,7.527272727272727,55
16,17,8.924528301886792,53
17,18,9.833333333333334,54
18,19,10.483870967741936,62
19,20,10.313725490196079,51
20,21,11.846153846153847,52
21,22,12.083333333333334,48
22,23,13.076923076923077,52
23,24,13.25925925925926,54
24,25,14.085106382978724,47
25,26,14.568181818181818,44
26,27,15.128205128205128,39
27,28,15.625,56
28,29,16.21818181818182,55
29,30,16.102040816326532,49
30,31,17.340425531914892,47
31,32,17.46808510638298,47
32,33,18.03921568627451,51
33,34,18.72,50
34,35,19.25,52
35,36,19.46153846153846,52
36,37,20.37735849056604,53
37,38,20.5609756097561,41
38,39,21.45098039215686,51
39,40,21.136363636363637,44
40,41,22.022727272727273,44
41,42,21.764705882352942,51
42,43,23.17391304347826,46
43,44,23.288888888888888,45
44,45,23.672727272727272,55
45,46,24.69090909090909,55
46,47,24.585365853658537,41
47,48,25.42622950819672,61
48,49,25.58,50
49,50,26.73076923076923,52
50,51,26.885245901639344,61
51,52,27.28205128205128,39
52,53,27.862745098039216,51
53,54,28.458333333333332,48
54,55,29.833333333333332,42
55,56,30.065217391304348,46
56,57,29.53846153846154,65
57,58,30.48780487804878,41
58,59,31.26,50
59,60,31.566037735849058,53
60,61,32.029411764705884,34
61,62,31.772727272727273,22
62,63,32.9,10
63,64,32.6,5
64,65,30.333333333333332,3
65,67,38.0,1
66,68,27.0,1
