,0,1,2
0,1,1.0,351
1,2,1.0,486
2,3,1.1275167785234899,447
3,4,2.0786163522012577,318
4,5,4.26978417266187,278
5,6,7.130081300813008,246
6,7,9.965367965367966,231
7,8,12.209016393442623,244
8,9,14.542168674698795,249
9,10,16.87727272727273,220
10,11,19.109375,256
11,12,21.733333333333334,240
12,13,24.020833333333332,240
13,14,26.333333333333332,249
14,15,28.426160337552744,237
15,16,31.092741935483872,248
16,17,33.053941908713696,241
17,18,35.742489270386265,233
18,19,37.8531746031746,252
19,20,40.466911764705884,272
20,21,43.276,250
21,22,45.81368821292776,263
22,23,48.29811320754717,265
23,24,50.535714285714285,252
24,25,53.0199203187251,251
25,26,55.86666666666667,240
26,27,58.03409090909091,264
27,28,60.48708487084871,271
28,29,63.07929515418502,227
29,30,65.6344537815126,238
30,31,67.5891472868217,258
31,32,69.53125,224
32,33,72.0546875,256
33,34,74.44964028776978,278
34,35,77.4980694980695,259
35,36,80.37164750957854,261
36,37,82.28136882129277,263
37,38,85.14285714285714,238
38,39,87.43881856540085,237
39,40,89.37546468401487,269
40,41,92.02100840336135,238
41,42,95.05576208178438,269
42,43,97.40151515151516,264
43,44,99.25106382978723,235
44,45,102.82641509433962,265
45,46,104.80076628352491,261
46,47,107.82520325203252,246
47,48,110.15185185185184,270
48,49,112.39700374531836,267
49,50,115.83720930232558,258
50,51,118.09128630705395,241
51,52,120.07954545454545,264
52,53,122.71936758893281,253
53,54,124.63562753036437,247
54,55,127.69327731092437,238
55,56,129.98373983739836,246
56,57,132.6910569105691,246
57,58,134.71887550200802,249
58,59,137.21825396825398,252
59,60,138.90521327014218,211
60,61,141.2608695652174,23
