,0,1,2
0,1,1.0,144
1,2,1.0,152
2,3,1.0,149
3,4,1.0337837837837838,148
4,5,1.267515923566879,157
5,6,1.826086956521739,161
6,7,2.6620689655172414,145
7,8,3.8958333333333335,144
8,9,5.1940298507462686,134
9,10,6.1558441558441555,154
10,11,8.175182481751825,137
11,12,9.782894736842104,152
12,13,10.741496598639456,147
13,14,12.756410256410257,156
14,15,14.27450980392157,153
15,16,15.843537414965986,147
16,17,17.32704402515723,159
17,18,18.81366459627329,161
18,19,20.396103896103895,154
19,20,21.779141104294478,163
20,21,23.41614906832298,161
21,22,24.914285714285715,140
22,23,26.66470588235294,170
23,24,27.930232558139537,129
24,25,29.130177514792898,169
25,26,30.533333333333335,150
26,27,32.29333333333334,150
27,28,33.852112676056336,142
28,29,35.651612903225804,155
29,30,36.859756097560975,164
30,31,38.760736196319016,163
31,32,40.095238095238095,147
32,33,41.79113924050633,158
33,34,42.97278911564626,147
34,35,44.197278911564624,147
35,36,45.7828947368421,152
36,37,46.946308724832214,149
37,38,48.372093023255815,129
38,39,50.12925170068027,147
39,40,51.65597667638484,686
40,41,52.993640699523056,1258
41,42,56.47522522522522,444
42,43,67.73509933774834,151
43,44,74.12101910828025,157
44,45,76.8273381294964,139
45,46,74.72289156626506,166
46,47,79.94736842105263,152
47,48,81.46308724832215,149
48,49,83.45222929936305,157
49,50,85.88571428571429,140
50,51,86.74193548387096,155
51,52,88.84105960264901,151
52,53,89.39102564102564,156
53,54,91.05755395683454,139
54,55,92.71812080536913,149
55,56,94.12337662337663,154
56,57,96.19205298013244,151
57,58,96.81428571428572,140
58,59,99.16939890710383,183
59,60,101.38167938931298,131
60,61,101.70588235294117,34
61,62,102.5,2
