,0,1,2
0,1,1.0,149
1,2,1.0,138
2,3,1.0,132
3,4,1.0263157894736843,152
4,5,1.1644736842105263,152
5,6,1.9731543624161074,149
6,7,2.7973856209150325,153
7,8,3.9036144578313254,166
8,9,5.653061224489796,147
9,10,7.085714285714285,140
10,11,8.145569620253164,158
11,12,9.617283950617283,162
12,13,10.987179487179487,156
13,14,12.408163265306122,147
14,15,14.238095238095237,147
15,16,15.707182320441989,181
16,17,17.393548387096775,155
17,18,19.21476510067114,149
18,19,20.606060606060606,165
19,20,22.54320987654321,162
20,21,23.954838709677418,155
21,22,25.766666666666666,120
22,23,26.836601307189543,153
23,24,27.968553459119498,159
24,25,29.554140127388536,157
25,26,31.528301886792452,159
26,27,32.920731707317074,164
27,28,34.50322580645161,155
28,29,35.38297872340426,141
29,30,37.61333333333334,150
30,31,38.63265306122449,147
31,32,39.97794117647059,136
32,33,42.063291139240505,158
33,34,43.520270270270274,148
34,35,44.94444444444444,162
35,36,45.93617021276596,141
36,37,47.81333333333333,150
37,38,49.411764705882355,153
38,39,50.82119205298013,151
39,40,52.764350453172206,331
40,41,53.70958904109589,365
41,42,55.755274261603375,237
42,43,60.12337662337662,154
43,44,61.566265060240966,166
44,45,63.79577464788732,142
45,46,65.64885496183206,131
46,47,66.20496894409938,161
47,48,67.99280575539568,139
48,49,70.37414965986395,147
49,50,71.1156462585034,147
50,51,73.28985507246377,138
51,52,74.3265306122449,147
52,53,75.87654320987654,162
53,54,77.75,156
54,55,79.51677852348993,149
55,56,80.45390070921985,141
56,57,82.35766423357664,137
57,58,83.92857142857143,154
58,59,84.51298701298701,154
59,60,86.14615384615385,130
60,61,87.57894736842105,38
61,62,91.33333333333333,3
62,64,86.0,1
