,0,1,2
0,1,1.0,333
1,2,1.0019646365422397,509
2,3,1.185823754789272,522
3,4,2.3172268907563027,476
4,5,5.5127478753541075,353
5,6,10.10344827586207,261
6,7,13.916981132075472,265
7,8,16.525490196078433,255
8,9,18.641129032258064,248
9,10,20.98744769874477,239
10,11,23.072,250
11,12,24.92452830188679,265
12,13,27.608870967741936,248
13,14,30.0727969348659,261
14,15,32.55364806866953,233
15,16,34.8,270
16,17,37.454887218045116,266
17,18,40.246153846153845,260
18,19,42.077551020408166,245
19,20,44.857142857142854,259
20,21,46.78823529411765,255
21,22,49.45381526104418,249
22,23,52.37179487179487,234
23,24,54.091633466135455,251
24,25,56.717557251908396,262
25,26,58.98684210526316,228
26,27,62.00416666666667,240
27,28,63.97769516728624,269
28,29,66.05660377358491,265
29,30,68.77366255144032,243
30,31,71.47177419354838,248
31,32,73.7420634920635,252
32,33,76.18181818181819,242
33,34,78.98501872659176,267
34,35,81.64102564102564,234
35,36,83.65432098765432,243
36,37,86.83399209486166,253
37,38,89.3632958801498,267
38,39,92.04661016949153,236
39,40,93.67843137254901,255
40,41,96.140625,256
41,42,98.11070110701107,271
42,43,101.36842105263158,247
43,44,103.5984555984556,259
44,45,106.51119402985074,268
45,46,109.01652892561984,242
46,47,111.6732283464567,254
47,48,113.28879310344827,232
48,49,116.1311475409836,244
49,50,118.11864406779661,236
50,51,120.91984732824427,262
51,52,123.95081967213115,244
52,53,125.84328358208955,268
53,54,128.2851063829787,235
54,55,130.85227272727272,264
55,56,134.28205128205127,234
56,57,136.0597609561753,251
57,58,138.5692883895131,267
58,59,141.3790322580645,248
59,60,143.51555555555555,225
60,61,146.7058823529412,17
