,0,1,2
0,1,1.0,146
1,2,1.0,86
2,3,1.0,89
3,4,1.0101010101010102,99
4,5,1.086021505376344,93
5,6,1.1517857142857142,112
6,7,1.4444444444444444,99
7,8,2.109375,128
8,9,2.3055555555555554,108
9,10,3.5089285714285716,112
10,11,4.489795918367347,98
11,12,5.948453608247423,97
12,13,6.068181818181818,88
13,14,7.416666666666667,84
14,15,7.7125,80
15,16,7.8316831683168315,101
16,17,9.5,80
17,18,10.060240963855422,83
18,19,11.708333333333334,72
19,20,11.556818181818182,88
20,21,12.293333333333333,75
21,22,13.11864406779661,59
22,23,14.963636363636363,55
23,24,14.967213114754099,61
24,25,15.703703703703704,54
25,26,17.283333333333335,60
26,27,17.22641509433962,53
27,28,18.511111111111113,45
28,29,18.674418604651162,43
29,30,19.06,50
30,31,19.54,50
31,32,20.42222222222222,45
32,33,20.729166666666668,48
33,34,21.358490566037737,53
34,35,21.95,40
35,36,22.15,60
36,37,22.80851063829787,47
37,38,23.794871794871796,39
38,39,23.96,50
39,40,23.59259259259259,54
40,41,24.372549019607842,51
41,42,25.08888888888889,45
42,43,26.160714285714285,56
43,44,26.18421052631579,38
44,45,26.244897959183675,49
45,46,26.433962264150942,53
46,47,27.35135135135135,37
47,48,27.15686274509804,51
48,49,28.583333333333332,48
49,50,28.73913043478261,46
50,51,28.5,48
51,52,30.09090909090909,55
52,53,30.711111111111112,45
53,54,31.058823529411764,51
54,55,31.185185185185187,54
55,56,32.392857142857146,56
56,57,32.0,55
57,58,33.1063829787234,47
58,59,33.26190476190476,42
59,60,34.43103448275862,58
60,61,34.0,38
61,62,33.07142857142857,14
62,63,34.45454545454545,11
63,64,33.5,6
64,65,34.333333333333336,3
