,0,1,2
0,1,1.0,244
1,2,1.0,308
2,3,1.0443686006825939,293
3,4,1.4652567975830815,331
4,5,2.684931506849315,292
5,6,4.344202898550725,276
6,7,7.059360730593608,219
7,8,10.246231155778894,199
8,9,12.55813953488372,172
9,10,15.83030303030303,165
10,11,17.055555555555557,162
11,12,19.046153846153846,130
12,13,20.31578947368421,152
13,14,21.63225806451613,155
14,15,22.535211267605632,142
15,16,24.527950310559007,161
16,17,26.30344827586207,145
17,18,27.366197183098592,142
18,19,28.86111111111111,144
19,20,30.49056603773585,159
20,21,31.841726618705035,139
21,22,32.76335877862596,131
22,23,34.352112676056336,142
23,24,36.2108843537415,147
24,25,37.80487804878049,164
25,26,38.77857142857143,140
26,27,40.61875,160
27,28,41.798701298701296,154
28,29,43.314465408805034,159
29,30,45.21167883211679,137
30,31,46.42,150
31,32,48.191616766467064,167
32,33,49.30344827586207,145
33,34,51.05594405594405,143
34,35,52.76687116564417,163
35,36,53.78666666666667,150
36,37,55.77124183006536,153
37,38,56.853503184713375,157
38,39,58.72222222222222,144
39,40,60.4203821656051,157
40,41,60.972972972972975,148
41,42,62.75333333333333,150
42,43,64.51351351351352,148
43,44,65.63636363636364,143
44,45,67.03333333333333,150
45,46,68.86111111111111,144
46,47,70.89864864864865,148
47,48,71.56129032258065,155
48,49,73.69503546099291,141
49,50,74.5,152
50,51,75.79054054054055,148
51,52,77.68098159509202,163
52,53,79.12765957446808,141
53,54,80.55555555555556,153
54,55,82.04938271604938,162
55,56,83.72327044025157,159
56,57,85.40816326530613,147
57,58,87.11805555555556,144
58,59,87.7289156626506,166
59,60,89.93233082706767,133
60,61,91.5,32
61,62,89.0,2
62,63,96.0,1
