,confirmations,time
0,1,1
1,1,1
2,1,3
3,1,4
4,1,4
5,1,5
6,1,6
7,1,7
8,2,8
9,2,8
10,3,8
11,3,9
12,3,9
13,3,10
14,3,10
15,6,11
16,6,13
17,6,14
18,12,15
19,12,15
20,12,16
21,12,17
22,14,17
23,16,18
24,16,19
25,16,20
26,17,20
27,21,22
28,22,23
29,23,23
30,23,24
31,25,24
32,26,25
33,27,26
34,27,27
35,27,28
36,30,29
37,30,29
38,31,30
39,32,30
40,32,31
41,33,31
42,34,32
43,36,32
44,36,33
45,36,33
46,38,34
47,39,35
48,39,36
49,42,36
50,42,36
51,42,37
52,42,37
53,43,38
54,44,38
55,46,39
56,47,39
57,48,40
58,49,41
59,49,41
60,49,41
61,49,42
62,55,43
63,55,43
64,56,44
65,57,44
66,57,45
67,57,45
68,57,46
69,60,47
70,60,47
71,61,50
72,62,50
73,62,51
74,65,52
75,69,54
76,69,55
77,70,56
78,70,56
79,70,57
80,70,57
81,71,57
82,73,57
83,76,58
84,76,59
85,76,60
86,76,61
