,confirmations,time
0,1,1
1,1,2
2,1,2
3,1,2
4,1,3
5,1,4
6,1,5
7,1,5
8,2,7
9,2,8
10,2,9
11,4,9
12,5,9
13,5,10
14,9,12
15,9,12
16,10,13
17,10,14
18,11,14
19,13,15
20,13,16
21,14,17
22,15,17
23,15,18
24,15,18
25,15,18
26,18,20
27,19,21
28,19,21
29,20,22
30,21,22
31,21,23
32,22,24
33,23,24
34,23,25
35,23,25
36,23,25
37,24,25
38,25,26
39,27,26
40,30,27
41,30,28
42,31,28
43,32,28
44,33,29
45,33,29
46,37,32
47,37,33
48,37,35
49,37,35
50,41,36
51,44,37
52,44,37
53,44,38
54,48,38
55,49,39
56,49,40
57,50,41
58,52,42
59,53,44
60,54,45
61,54,45
62,56,47
63,57,48
64,57,48
65,59,49
66,59,49
67,60,50
68,62,50
69,63,53
70,63,53
71,63,54
72,64,54
73,64,55
74,68,56
75,70,57
76,70,58
77,70,58
78,72,59
79,72,60
80,72,60
