,confirmations,time
0,1,1
1,1,2
2,1,4
3,1,5
4,1,7
5,1,8
6,1,8
7,1,9
8,1,9
9,2,10
10,4,10
11,4,10
12,5,11
13,6,11
14,8,13
15,8,14
16,8,15
17,9,15
18,10,17
19,12,17
20,12,18
21,13,19
22,13,19
23,14,20
24,14,21
25,17,21
26,17,22
27,18,22
28,20,22
29,20,23
30,22,24
31,23,26
32,24,27
33,24,28
34,25,28
35,27,29
36,27,30
37,28,30
38,30,31
39,31,31
40,32,32
41,32,33
42,33,34
43,34,34
44,34,34
45,37,35
46,38,36
47,38,36
48,40,37
49,40,37
50,40,38
51,41,38
52,41,39
53,42,39
54,42,40
55,43,40
56,43,40
57,46,42
58,46,42
59,47,43
60,48,45
61,50,46
62,52,47
63,54,48
64,55,49
65,58,50
66,59,51
67,60,52
68,60,52
69,61,52
70,61,53
71,64,53
72,65,54
73,66,55
74,66,56
75,66,56
76,66,57
77,69,58
78,70,58
79,71,59
80,74,60
