,confirmations,time
0,1,1
1,1,2
2,1,3
3,1,4
4,1,4
5,1,5
6,1,6
7,1,6
8,1,7
9,1,8
10,2,9
11,2,11
12,2,11
13,2,11
14,6,12
15,6,12
16,6,12
17,6,13
18,10,14
19,10,14
20,10,14
21,10,15
22,11,15
23,13,15
24,13,15
25,15,17
26,15,19
27,15,20
28,15,20
29,15,22
30,16,22
31,18,23
32,22,24
33,22,25
34,26,25
35,26,25
36,26,26
37,29,26
38,31,27
39,34,28
40,34,29
41,34,29
42,35,30
43,35,31
44,40,32
45,40,33
46,41,34
47,41,34
48,42,34
49,42,35
50,44,36
51,45,36
52,45,36
53,46,38
54,46,38
55,47,38
56,47,39
57,50,40
58,50,40
59,52,41
60,52,42
61,54,43
62,55,44
63,56,44
64,57,45
65,58,46
66,58,46
67,58,46
68,58,47
69,60,47
70,61,47
71,63,48
72,63,48
73,64,48
74,65,49
75,66,49
76,68,51
77,68,52
78,69,53
79,69,54
80,70,55
81,70,55
82,70,55
83,74,56
84,77,57
85,77,58
86,77,59
87,79,61
