,0,1,2
0,1,1.0,146
1,2,1.0,156
2,3,1.0,153
3,4,1.0316455696202531,158
4,5,1.2894736842105263,152
5,6,1.6580645161290322,155
6,7,2.723756906077348,181
7,8,3.7083333333333335,144
8,9,5.344594594594595,148
9,10,6.812903225806451,155
10,11,8.180645161290322,155
11,12,9.779220779220779,154
12,13,11.480263157894736,152
13,14,13.117241379310345,145
14,15,14.386666666666667,150
15,16,15.766233766233766,154
16,17,17.57857142857143,140
17,18,18.897590361445783,166
18,19,20.455128205128204,156
19,20,21.92452830188679,159
20,21,23.689655172413794,145
21,22,24.59124087591241,137
22,23,26.04895104895105,143
23,24,27.81290322580645,155
24,25,28.793939393939393,165
25,26,30.774390243902438,164
26,27,32.327044025157235,159
27,28,33.439189189189186,148
28,29,35.6013986013986,143
29,30,36.89115646258504,147
30,31,37.95061728395062,162
31,32,39.11038961038961,154
32,33,40.896103896103895,154
33,34,42.48125,160
34,35,43.56687898089172,157
35,36,45.18709677419355,155
36,37,47.266666666666666,150
37,38,48.63815789473684,152
38,39,49.67515923566879,157
39,40,51.82432432432432,148
40,41,52.66901408450704,142
41,42,54.23776223776224,143
42,43,56.48366013071895,153
43,44,57.59615384615385,156
44,45,59.24324324324324,148
45,46,60.74820143884892,139
46,47,61.30120481927711,166
47,48,63.02142857142857,140
48,49,65.45774647887323,142
49,50,66.59154929577464,142
50,51,68.63690476190476,168
51,52,68.97887323943662,142
52,53,71.0503144654088,159
53,54,72.36551724137931,145
54,55,73.94594594594595,148
55,56,75.34482758620689,145
56,57,77.22556390977444,133
57,58,77.83660130718954,153
58,59,80.52,150
59,60,81.39583333333333,144
60,61,80.8157894736842,38
61,62,86.25,4
