,0,1,2
0,1,1.0,106
1,2,1.0,46
2,3,1.0,52
3,4,1.0,51
4,5,1.0,39
5,6,1.0,51
6,7,1.0,43
7,8,1.0363636363636364,55
8,9,1.1730769230769231,52
9,10,1.1162790697674418,43
10,11,1.28125,64
11,12,1.368421052631579,57
12,13,1.6595744680851063,47
13,14,1.9807692307692308,52
14,15,2.022222222222222,45
15,16,2.7254901960784315,51
16,17,3.0,54
17,18,2.9523809523809526,42
18,19,3.9473684210526314,57
19,20,4.0476190476190474,42
20,21,4.8979591836734695,49
21,22,5.032786885245901,61
22,23,5.0,51
23,24,6.177777777777778,45
24,25,7.195652173913044,46
25,26,7.241379310344827,58
26,27,8.196078431372548,51
27,28,8.309090909090909,55
28,29,9.813953488372093,43
29,30,10.134615384615385,52
30,31,9.934782608695652,46
31,32,11.038461538461538,52
32,33,11.1875,48
33,34,11.955555555555556,45
34,35,12.346153846153847,52
35,36,12.54,50
36,37,13.205128205128204,39
37,38,13.389830508474576,59
38,39,14.28888888888889,45
39,40,14.672727272727272,55
40,41,15.823529411764707,34
41,42,16.033898305084747,59
42,43,15.813559322033898,59
43,44,17.30909090909091,55
44,45,17.163636363636364,55
45,46,18.041666666666668,48
46,47,18.596491228070175,57
47,48,19.02127659574468,47
48,49,19.558139534883722,43
49,50,19.62962962962963,54
50,51,20.509090909090908,55
51,52,20.65,60
52,53,21.306122448979593,49
53,54,21.877551020408163,49
54,55,21.673076923076923,52
55,56,23.717391304347824,46
56,57,23.346153846153847,52
57,58,23.17948717948718,39
58,59,24.93617021276596,47
59,60,24.491525423728813,59
60,61,25.210526315789473,38
61,62,25.63157894736842,19
62,63,24.555555555555557,9
63,64,28.666666666666668,3
64,65,28.5,2
65,66,30.0,1
66,68,27.0,1
