,0,1,2
0,1,1.0,153
1,2,1.0,148
2,3,1.0,143
3,4,1.0441176470588236,136
4,5,1.25,164
5,6,1.614814814814815,135
6,7,2.591194968553459,159
7,8,3.5314685314685317,143
8,9,5.134751773049645,141
9,10,6.701388888888889,144
10,11,7.563758389261745,149
11,12,9.521428571428572,140
12,13,10.608433734939759,166
13,14,12.546666666666667,150
14,15,14.210526315789474,171
15,16,15.833333333333334,150
16,17,17.22077922077922,154
17,18,18.54609929078014,141
18,19,19.84328358208955,134
19,20,21.512820512820515,156
20,21,22.736842105263158,133
21,22,24.376623376623378,154
22,23,25.926829268292682,164
23,24,27.37748344370861,151
24,25,28.59119496855346,159
25,26,30.62015503875969,129
26,27,31.818181818181817,176
27,28,33.29251700680272,147
28,29,35.3051948051948,154
29,30,36.659574468085104,141
30,31,38.07843137254902,153
31,32,39.859154929577464,142
32,33,40.61073825503356,149
33,34,42.32051282051282,156
34,35,43.94904458598726,157
35,36,44.732394366197184,142
36,37,47.132075471698116,159
37,38,48.04968944099379,161
38,39,49.83870967741935,155
39,40,51.327777777777776,540
40,41,52.88605697151424,667
41,42,57.57333333333333,225
42,43,62.28834355828221,163
43,44,65.01923076923077,156
44,45,67.16312056737588,141
45,46,69.9261744966443,149
46,47,70.40506329113924,158
47,48,72.9235294117647,170
48,49,73.97297297297297,148
49,50,75.92805755395683,139
50,51,77.58571428571429,140
51,52,78.39597315436242,149
52,53,80.50295857988165,169
53,54,81.76433121019109,157
54,55,83.97222222222223,144
55,56,85.51298701298701,154
56,57,87.14379084967321,153
57,58,88.51724137931035,145
58,59,89.7244094488189,127
59,60,91.1376811594203,138
60,61,92.75,28
61,62,90.0,4
62,63,90.5,2
