,0,1,2
0,1,1.0,146
1,2,1.0,110
2,3,1.0,99
3,4,1.0666666666666667,90
4,5,1.0505050505050506,99
5,6,1.25,104
6,7,1.6122448979591837,98
7,8,1.9019607843137254,102
8,9,2.623931623931624,117
9,10,3.6222222222222222,90
10,11,4.578947368421052,95
11,12,5.130841121495327,107
12,13,6.627659574468085,94
13,14,7.395833333333333,96
14,15,8.59375,96
15,16,9.295652173913043,115
16,17,10.666666666666666,105
17,18,11.632075471698114,106
18,19,13.372727272727273,110
19,20,14.216981132075471,106
20,21,14.83695652173913,92
21,22,16.322222222222223,90
22,23,16.56989247311828,93
23,24,17.97979797979798,99
24,25,18.80952380952381,84
25,26,19.376470588235293,85
26,27,20.195402298850574,87
27,28,20.18888888888889,90
28,29,22.1625,80
29,30,22.388059701492537,67
30,31,23.28,75
31,32,23.84313725490196,51
32,33,25.333333333333332,66
33,34,26.06,50
34,35,26.11111111111111,63
35,36,27.2,50
36,37,27.022727272727273,44
37,38,28.06122448979592,49
38,39,27.90566037735849,53
39,40,29.25,56
40,41,30.408163265306122,49
41,42,30.035714285714285,56
42,43,30.63157894736842,57
43,44,31.865384615384617,52
44,45,32.45762711864407,59
45,46,32.39622641509434,53
46,47,33.61702127659574,47
47,48,33.91836734693877,49
48,49,33.86153846153846,65
49,50,35.09090909090909,44
50,51,34.46666666666667,60
51,52,34.82,50
52,53,36.23913043478261,46
53,54,36.78260869565217,46
54,55,36.816326530612244,49
55,56,37.108108108108105,37
56,57,38.0625,48
57,58,38.361702127659576,47
58,59,38.57446808510638,47
59,60,39.67857142857143,56
60,61,40.4,35
61,62,40.26086956521739,23
62,63,39.0,7
63,64,41.5,4
64,65,40.333333333333336,3
