,0,1,2
0,1,1.0,346
1,2,1.0021276595744681,470
2,3,1.1767151767151767,481
3,4,2.4202020202020202,495
4,5,6.032608695652174,460
5,6,10.960869565217392,460
6,7,16.20689655172414,348
7,8,20.626582278481013,316
8,9,25.11969111969112,259
9,10,27.544444444444444,270
10,11,29.392857142857142,252
11,12,31.480176211453745,227
12,13,33.27467811158798,233
13,14,35.39325842696629,267
14,15,37.44308943089431,246
15,16,39.62162162162162,259
16,17,42.191570881226056,261
17,18,44.52674897119341,243
18,19,46.63035019455253,257
19,20,49.19433198380567,247
20,21,51.2007874015748,254
21,22,53.738589211618255,241
22,23,56.32170542635659,258
23,24,58.76229508196721,244
24,25,61.16475095785441,261
25,26,63.215384615384615,260
26,27,65.89558232931726,249
27,28,68.4904214559387,261
28,29,70.45703125,256
29,30,73.03088803088804,259
30,31,75.98148148148148,270
31,32,78.09505703422053,263
32,33,81.04633204633204,259
33,34,83.38866396761134,247
34,35,85.4504132231405,242
35,36,88.45967741935483,248
36,37,90.47899159663865,238
37,38,93.20392156862745,255
38,39,95.32900432900433,231
39,40,98.15294117647059,255
40,41,100.55893536121673,263
41,42,103.22709163346613,251
42,43,106.1891891891892,259
43,44,108.35365853658537,246
44,45,110.88284518828452,239
45,46,113.125,256
46,47,115.98467432950191,261
47,48,117.95094339622642,265
48,49,120.40684410646388,263
49,50,123.152,250
50,51,125.4375,224
51,52,128.19702602230484,269
52,53,130.66108786610877,239
53,54,132.9068825910931,247
54,55,135.8781512605042,238
55,56,138.0532319391635,263
56,57,140.74901960784314,255
57,58,143.40254237288136,236
58,59,145.5,250
59,60,147.7171717171717,198
60,61,148.75,16
