,0,1,2
0,1,1.0,156
1,2,1.0,146
2,3,1.0,176
3,4,1.0970149253731343,134
4,5,1.3024691358024691,162
5,6,2.087248322147651,149
6,7,3.0676691729323307,133
7,8,4.06,150
8,9,5.2377622377622375,143
9,10,6.619718309859155,142
10,11,8.305970149253731,134
11,12,9.467153284671532,137
12,13,11.185714285714285,140
13,14,12.773972602739725,146
14,15,13.745098039215685,153
15,16,15.558282208588958,163
16,17,17.440251572327043,159
17,18,18.901315789473685,152
18,19,20.152173913043477,138
19,20,22.48441926345609,706
20,21,22.84656084656085,1323
21,22,26.5947242206235,417
22,23,40.76428571428571,140
23,24,44.625,144
24,25,47.188235294117646,170
25,26,49.20979020979021,143
26,27,51.13422818791946,149
27,28,52.47794117647059,136
28,29,53.617834394904456,157
29,30,55.53741496598639,147
30,31,57.204819277108435,166
31,32,58.04895104895105,143
32,33,60.36,150
33,34,61.534246575342465,146
34,35,62.92307692307692,143
35,36,64.72455089820359,167
36,37,66.18120805369128,149
37,38,67.82517482517483,143
38,39,69.68211920529801,151
39,40,70.43624161073825,149
40,41,71.33103448275862,145
41,42,73.75496688741723,151
42,43,74.88815789473684,152
43,44,77.4390243902439,123
44,45,78.30573248407643,157
45,46,80.76,150
46,47,80.575,160
47,48,82.5776397515528,161
48,49,84.175,160
49,50,85.89189189189189,148
50,51,87.6797385620915,153
51,52,89.25342465753425,146
52,53,90.0952380952381,147
53,54,91.7124183006536,153
54,55,92.63636363636364,154
55,56,94.72222222222223,144
56,57,96.5,150
57,58,97.47712418300654,153
58,59,99.23648648648648,148
59,60,101.05755395683454,139
60,61,100.44117647058823,34
61,62,99.0,1
