,0,1,2
0,1,1.0,342
1,2,1.0,674
2,3,1.249090909090909,550
3,4,2.69281045751634,306
4,5,5.995884773662551,243
5,6,8.388679245283019,265
6,7,10.909090909090908,242
7,8,13.370967741935484,248
8,9,15.716101694915254,236
9,10,18.46946564885496,262
10,11,20.915966386554622,238
11,12,23.366533864541832,251
12,13,26.076305220883533,249
13,14,28.8203125,256
14,15,31.04979253112033,241
15,16,33.89105058365759,257
16,17,36.28333333333333,240
17,18,38.73705179282869,251
18,19,41.50406504065041,246
19,20,43.795366795366796,259
20,21,46.59683794466403,253
21,22,49.053497942386834,243
22,23,51.457364341085274,258
23,24,53.92748091603053,262
24,25,56.19762845849802,253
25,26,59.06563706563706,259
26,27,61.16600790513834,253
27,28,63.6910569105691,246
28,29,66.368,250
29,30,69.13671875,256
30,31,71.78151260504201,238
31,32,74.36742424242425,264
32,33,77.34136546184739,249
33,34,78.95217391304348,230
34,35,81.31679389312977,262
35,36,83.62348178137651,247
36,37,85.57805907172995,237
37,38,88.54444444444445,270
38,39,91.33744855967078,243
39,40,93.36842105263158,247
40,41,96.67399267399267,273
41,42,99.2235294117647,255
42,43,101.64516129032258,248
43,44,103.99145299145299,234
44,45,105.9047619047619,231
45,46,107.91967871485944,249
46,47,110.65040650406505,246
47,48,113.28744939271255,247
48,49,116.31380753138075,239
49,50,118.77121771217712,271
50,51,121.90980392156862,255
51,52,124.03703703703704,243
52,53,125.9274193548387,248
53,54,128.2077922077922,231
54,55,130.36614173228347,254
55,56,133.05429864253395,221
56,57,136.17299578059072,237
57,58,138.5793650793651,252
58,59,140.22764227642276,246
59,60,143.41326530612244,196
60,61,142.625,24
61,62,154.0,1
