,0,1,2
0,1,1.0,141
1,2,1.0,144
2,3,1.0,151
3,4,1.0077519379844961,129
4,5,1.2281879194630871,149
5,6,1.7,150
6,7,2.3622047244094486,127
7,8,3.3087248322147653,149
8,9,4.726708074534161,161
9,10,6.423357664233577,137
10,11,7.34,150
11,12,9.131736526946108,167
12,13,10.766917293233083,133
13,14,12.428571428571429,161
14,15,14.157142857142857,140
15,16,15.726027397260275,146
16,17,16.772727272727273,154
17,18,18.161290322580644,155
18,19,19.77241379310345,145
19,20,21.536199095022624,442
20,21,22.43103448275862,812
21,22,27.395604395604394,182
22,23,31.353658536585368,164
23,24,35.10457516339869,153
24,25,37.38961038961039,154
25,26,38.943661971830984,142
26,27,40.398648648648646,148
27,28,42.91156462585034,147
28,29,43.93617021276596,141
29,30,45.605442176870746,147
30,31,46.705479452054796,146
31,32,48.206896551724135,145
32,33,49.75657894736842,152
33,34,51.34146341463415,164
34,35,52.87248322147651,149
35,36,54.23899371069182,159
36,37,56.55555555555556,162
37,38,57.74074074074074,135
38,39,59.56707317073171,164
39,40,59.9020979020979,143
40,41,61.47682119205298,151
41,42,63.110344827586204,145
42,43,64.79333333333334,150
43,44,66.7,150
44,45,68.39333333333333,150
45,46,69.56338028169014,142
46,47,71.13333333333334,150
47,48,72.61486486486487,148
48,49,74.09756097560975,164
49,50,75.41447368421052,152
50,51,77.27272727272727,154
51,52,77.26946107784431,167
52,53,80.4235294117647,170
53,54,81.64539007092199,141
54,55,83.62420382165605,157
55,56,84.05797101449275,138
56,57,86.2156862745098,153
57,58,87.9192546583851,161
58,59,89.65441176470588,136
59,60,90.94927536231884,138
60,61,90.60526315789474,38
61,62,97.0,1
