,0,1,2
0,1,1.0,260
1,2,1.0,291
2,3,1.0506756756756757,296
3,4,1.4875444839857652,281
4,5,2.3598326359832638,239
5,6,3.7708333333333335,192
6,7,5.977401129943503,177
7,8,8.129411764705882,170
8,9,9.458646616541353,133
9,10,12.233333333333333,150
10,11,13.648275862068965,145
11,12,15.430555555555555,144
12,13,17.123456790123456,162
13,14,18.51497005988024,167
14,15,20.033333333333335,150
15,16,21.595890410958905,146
16,17,23.34328358208955,134
17,18,24.313253012048193,166
18,19,26.10828025477707,157
19,20,27.782894736842106,152
20,21,28.992857142857144,140
21,22,30.493150684931507,146
22,23,31.854166666666668,144
23,24,33.50877192982456,171
24,25,34.967532467532465,154
25,26,36.696969696969695,165
26,27,38.07333333333333,150
27,28,39.73287671232877,146
28,29,40.625850340136054,147
29,30,42.736111111111114,144
30,31,44.0945945945946,148
31,32,45.52054794520548,146
32,33,47.12676056338028,142
33,34,48.324503311258276,151
34,35,49.87820512820513,156
35,36,51.25,164
36,37,53.05625,160
37,38,54.328859060402685,149
38,39,56.03086419753087,162
39,40,57.51428571428571,140
40,41,58.71527777777778,144
41,42,59.848684210526315,152
42,43,61.9645390070922,141
43,44,63.06849315068493,146
44,45,64.78260869565217,161
45,46,67.39735099337749,151
46,47,67.25595238095238,168
47,48,68.98039215686275,153
48,49,71.12230215827338,139
49,50,72.91358024691358,162
50,51,73.97278911564626,147
51,52,75.18571428571428,140
52,53,76.9568345323741,139
53,54,78.72077922077922,154
54,55,80.33088235294117,136
55,56,81.0,146
56,57,83.93835616438356,146
57,58,84.44604316546763,139
58,59,86.50980392156863,153
59,60,86.71544715447155,123
60,61,88.82222222222222,45
61,62,88.5,4
